37.293
38.631
33.305
38.177
34.305
33.305
11.916
18.106
12.271
11.049
16.984
15.355
18.126
13.513
21.558
14.776
17.753
19.569
11.993
18.03
16.045
14.932
21.548
11.283
12.12
15.173
15.877
19.753
29.808
13.994
9.4066
13.776
16.142
14.309
11.916
15.712
14.441
13.907
12.384
18.525
15.481
18.496
14.785
11.072
16.192
14.349
14.77
16.936
16.927
9.6032
20.95
16.61
17.761
15.403
13.237
12.523
15.809
20.534
17.741
16.201
11.768
11.049
22.177
20.704
11.443
18.218
16.192
14.306
17.893
15.718
15.16
19.037
15.984
17.992
18.173
17.225
16.084
21.752
12.934
13.838
16.914
17.625
11.272
12.317
15.548
15.715
16.322
11.716
9.5347
16.886
22.181
14.171
18.099
8.1994
14.285
16.136
17.032
16.143
12.248
12.033
18.25
13.236
13.874
10.563
17.318
15.464
15.968
15.251
17.612
17.64
12.307
9.5494
16.092
14.238
15.514
19.201
15.428
16.905
13.738
13.812
11.448
13.434
13.397
9.9601
17.272
15.203
8.1994
17.344
16.798
15.995
18.973
13.664
20.059
12.307
11.443
22.642
17.103
14.18
16.704
12.317
12.903
21.45
13.653
15.277
12.271
18.108
9.5347
16.129
18.336
20.502
12.052
13.988
14.542
23.409
19.704
17.32
12.199
11.768
11.743
15.995
15.547
25.27
17.972
14.391
19.112
19.245
14.456
19.668
14.725
11.969
13.221
16.012
20.461
14.198
14.377
11.566
16.22
16.808
20.545
15.671
20.695
18.551
18.676
14.889
17.385
15.33
21.443
15.437
15.453
13.105
11.651
11.811
13.014
18.454
15.725
18.558
13.014
12.248
9.6032
16.566
13.243
13.54
19.86
20.887
16.269
13.805
15.4
16.763
16.963
15.608
20.454
24.943
18.966
17.992
18.043
13.433
17.294
17.654
23.834
17.643
20.32
17.158
14.068
11.848
13.387
15.849
14.75
12.955
13.54
15.406
16.527
16.571
13.798
15.784
18.748
11.057
14.567
10.761
18.588
17.058
15.721
20.287
18.798
11.049
9.4213
13.916
20.046
13.792
14.072
19.262
14.514
13.596
13.54
18.433
15.606
20.798
13.024
15.482
15.815
9.5494
12.164
17.614
15.175
14.011
19.513
18.558
17.753
16.214
16.376
16.907
14.682
15.256
17.247
15.725
9.3026
19.244
12.407
13.529
14.201
14.364
16.531
19.801
12.903
18.367
11.993
11.443
16.112
24.417
15.501
17.35
12.16
10.638
14.37
13.277
14.221
18.512
18.181
18.652
18.588
15.322
11.916
12.256
14.932
19.696
16.189
14.976
13.494
18.866
18.41
18.314
16.168
11.867
16.446
11.806
13.387
15.217
17.848
14.11
14.061
13.772
20.275
16.423
20.653
15.421
20.45
18.058
11.732
15.162
18.039
14.497
23.474
15.64
14.665
21.305
18.587
14.559
16.09
20.299
19.781
18.007
13.598
18.12
14.349
15.682
19.233
13.383
13.221
14.279
16.614
17.541
19.388
13.576
19.72
16.873
16.427
15.345
16.893
12.017
16.812
12.817
12.821
17.676
11.651
21.221
17.456
15.277
13.595
13.352
19.334
14.008
18.325
14.456
14.992
13.13
12.817
16.089
15.626
15.7
16.607
18.227
16.554
20.219
11.049
20.65
15.144
15.382
16.045
15.891
21.12
16.38
13.566
17.417
15.804
9.5347
15.866
19.42
8.1994
14.246
18.231
21.326
17.136
13.105
20.158
20.884
15.733
11.86
21.213
11.057
13.216
19.672
20.343
14.238
15.154
16.991
15.685
19.247
9.4066
15.572
18.362
12.256
15.996
13.329
16.195
13.953
20.297
14.916
20.227
11.716
16.739
11.072
13.37
23.575
16.769
16.926
17.375
16.041
15.66
16.043
15.888
19.509
18.615
15.622
10.247
11.651
17.64
13.969
15.862
19.073
12.301
15.045
18.487
13.474
19.734
15.178
15.999
16.714
11.049
9.7195
11.77
18.025
17.104
17.157
17.458
17.289
18.434
15.474
13.915
16.685
17.288
21.162
13.271
17.592
16.685
17.435
10.223
19.132
17.78
14.377
11.848
15.891
16.244
22.536
15.438
21.788
21.071
20.065
10.761
12.199
13.333
13.529
17.365
14.047
18.192
17.736
17.51
11.768
14.887
18.125
18.687
17.927
15.858
17.427
17.03
18.679
12.307
15.4
20.819
17.114
11.61
16.514
15.629
17.797
13.327
16.511
13.884
10.563
17.464
10.98
13.424
17.273
19.865
14.784
20.142
17.326
12.452
21.592
16.128
12.738
17.231
10.638
21.454
19.817
17.091
14.384
14.832
12.99
14.069
15.749
14.443
22.057
15.597
14.306
11.929
9.5494
15.824
17.642
12.069
15.87
21.191
12.596
18.068
14.23
16.15
18.03
18.897
17.565
16.985
16.17
12.541
9.3026
11.806
14.353
19.089
14.101
11.443
13.202
15.129
14.329
12.821
12.271
9.5347
16.509
15.68
9.5347
18.897
18.651
15.767
23.04
14.326
13.028
17.227
14.212
16.912
15.674
19.515
15.247
15.466
14.872
10.247
14.657
12.452
15.046
12.338
13.617
18.723
16.528
14.338
14.366
14.989
16.336
22.821
12.752
17.506
10.826
22.581
11.77
20.075
25.772
17.57
17.786
18.473
12.003
16.714
11.418
13.1
13.302
24.24
11.049
14.149
16.443
12.752
18.108
19.843
16.944
16.796
17.997
19.326
16.086
15.577
13.543
12.407
12.914
16.798
14.124
18.897
16.888
15.854
18.274
14.495
19.534
14.806
14.2
16.875
14.008
14.785
9.5494
11.806
16.862
16.244
15.731
14.965
14.971
15.629
14.251
13.285
15.868
16.586
21.024
18.257
16.26
11.77
18.227
20.273
8.1994
12.492
17.267
15.022
17.605
17.826
14.316
11.768
15.493
16.768
14.277
18.427
14.521
9.4066
18.587
13.812
19.311
17.239
13.912
15.38
15.443
15.419
12.752
15.482
12.939
21.686
17.112
12.466
16.107
14.976
15.414
16.041
17.823
17.61
15.681
17.211
19.769
14.715
17.604
20.699
13.533
18.795
19.163
10.913
17.276
16.084
23.838
25.291
12.945
9.6032
17.164
23.423
17.24
13.525
15.229
16.309
15.128
19.593
16.435
15.729
18.049
18.03
20.611
9.6032
19.308
16.912
22.34
15.921
10.667
19.068
15.349
10.51
14.521
9.5347
15.933
16.635
16.623
17.691
17.491
15.57
17.033
15.251
15.429
12.413
20.46
17.804
23.337
12.466
11.929
13.529
15.421
17.023
19.319
16.883
14.367
13.036
19.214
10.51
16.714
12.945
14.868
15.833
16.963
15.142
15.315
16.166
10.513
14.551
15.115
13.285
12.429
11.678
16.838
13.169
18.956
13.494
19.016
21.162
23.332
15.099
15.551
16.625
15.82
12.98
18.997
15.405
13.743
14.497
18.464
14.651
13.036
18.553
16.084
14.713
13.994
9.6032
16.514
23.134
16.176
12.82
18.158
14.739
13.988
20.699
16.132
19.932
11.651
22.285
20.108
11.416
12.327
9.7195
18.64
18.446
8.1994
12.605
18.928
15.06
20.97
13.029
15.467
13.953
15.864
16.505
15.229
16.681
16.66
23.559
19.432
18.192
15.258
19.478
14.046
15.477
10.065
17.516
15.421
11.049
13.009
15.276
17.939
16.765
15.041
15.4
15.053
17.281
19.954
15.597
13.615
14.496
22.45
13.327
16.551
23.507
20.158
11.856
14.239
16.195
9.6032
13.831
19.514
16.984
11.027
13.37
16.196
16.896
17.845
16.906
13.105
13.13
17.525
17.571
13.401
20.657
17.569
16.015
19.81
20.597
13.319
13.133
17.664
12.715
16.58
14.418
18.251
20.614
33.042
12.797
20.25
19.2
15.457
11.237
13.738
12.217
15.053
18.248
16.765
17.847
12.161
11.057
11.049
12.271
17.614
16.9
17.157
16.714
12.307
16.292
13.61
18.522
24.55
13.975
20.82
17.723
15.111
16.696
16.06
19.582
12.738
18.357
16.303
13.455
12.407
20.726
9.5347
14.015
17.517
14.027
17.04
16.47
18.259
11.688
12.747
16.308
15.129
16.52
23.172
18.723
19.227
19.82
18.926
16.342
13.44
15.053
11.768
15.904
16.207
19.65
12.937
10.667
20.702
11.571
20.441
11.237
13.105
16.769
19.036
15.496
16.423
18.218
12.428
12.624
12.972
16.817
9.4066
13.968
9.7195
14.919
15.045
13.285
15.495
16.635
14.461
18.648
10.236
14.428
19.003
15.584
18.873
15.342
11.732
13.749
11.566
23.268
11.418
14.573
20.233
16.528
16.113
14.119
17.564
16.508
14.455
13.677
19.738
16.53
12.923
15.437
13.014
9.82
13.133
12.16
14.238
11.701
14.136
25.328
20.535
15.838
10.284
9.6032
17.25
12.626
16.625
13.78
16.781
9.3026
16.401
13.743
14.441
16.599
18.966
16.726
18.162
9.9601
17.986
18.201
12.752
14.363
13.319
20.918
11.678
15.265
14.827
17.736
9.5494
18.214
12.874
17.1
16.762
18.183
12.98
18.558
14.349
11.072
18.065
18.347
11.571
13.805
16.999
14.76
14.899
21.213
12.605
20.225
14.736
19.629
21.763
12.248
13.976
15.346
17.42
16.245
16.811
10.679
12.99
13.387
24.81
19.928
16.079
16.169
17.274
13.525
19.573
18.926
12.752
14.701
19.769
17.244
12.12
16.553
16.354
12.718
15.891
16.737
15.129
13.221
17.009
18.109
13.855
15.175
20.871
16.169
15.045
16.568
19.712
16.482
21.611
14.442
12.624
11.993
12.738
18.26
14.101
13.948
15.128
13.314
11.756
14.494
15.011
13.653
15.606
26.564
21.945
13.953
15.428
11.072
20.778
14.988
13.721
16.387
12.877
17.943
15.985
13.086
22.558
12.82
18.734
15.809
11.417
16.506
14.236
13.792
17.143
15.342
13.083
11.443
16.63
15.435
15.18
16.828
10.638
20.62
12.217
19.809
12.003
14.275
15.06
17.845
19.96
12.75
13.202
14.247
19.126
10.98
12.624
15.06
13.645
17.689
13.316
15.437
11.283
10.211
9.7195
23.842
16.217
16.025
17.331
12.679
11.968
13.743
17.24
9.3026
20.473
13.434
9.4066
12.624
18.259
18.182
15.203
15.203
17.245
18.367
13.764
12.624
17.437
13.074
15.484
19.158
15.115
16.912
17.86
15.685
14.967
16.063
14.481
23.632
19.786
10.761
16.721
19.96
12.16
13.086
13.749
16.197
11.049
13.202
12.12
14.212
15.232
14.081
12.327
19.764
14.53
20.657
15.572
19.166
15.612
18.5
9.4066
17.345
17.889
15.062
19.066
15.169
15.265
17.354
31.468
15.84
12.03
21.507
15.7
18.114
18.314
20.756
18.709
18.747
20.076
18.781
11.411
11.732
16.927
17.253
14.521
19.958
17.853
16.875
20.219
9.82
15.61
15.344
23.175
16.226
17.721
11.049
22.501
17.864
16.92
13.014
15.856
12.955
19.136
16.266
12.071
16.61
13.874
20.461
21.788
12.804
13.988
20.967
12.825
17.393
11.848
18.742
15.547
14.072
18.46
11.802
16.973
17.728
14.507
15.023
22.881
17.813
18.338
11.651
17.57
13.721
17.247
10.667
16.194
18.007
18.949
14.759
17.689
17.805
20.631
16.503
15.33
11.756
17.91
10.51
13.838
11.867
15.536
19.265
17.628
13.387
17.24
15.411
12.908
13.792
19.197
16.891
13.953
9.4066
19.227
19.678
9.4213
17.165
14.269
17.927
14.523
17.994
20.154
14.481
14.668
15.815
14.329
13.947
16.187
13.036
17.223
15.446
15.68
18.608
14.837
16.379
15.265
20.026
15.639
13.014
20.985
10.51
15.315
18.028
17.782
22.002
13.771
12.271
18.177
17.715
17.951
16.942
16.199
17.848
10.51
15.115
15.277
19.852
18.64
19.351
11.651
9.9601
15.16
21.738
16.506
22.711
15.136
19.868
17.973
15.654
19.798
15.886
17.612
10.563
17.758
11.47
12.164
11.076
14.797
17.592
16.048
17.244
13.628
14.16
11.076
20.388
16.264
14.68
16.474
9.4066
16.063
16.926
13.525
22.092
13.788
10.236
19.575
12.936
14.384
9.6032
32.806
15.405
15.176
13.725
9.5494
18.153
13.176
14.965
15.721
11.417
15.691
11.443
12.82
13.017
15.969
17.924
18.322
22.16
13.788
14.068
10.638
18.034
14.987
18.64
14.546
18.397
16.269
18.768
15.515
18.192
12.309
17.249
20.619
15.948
20.14
14.976
18.71
9.5494
14.124
16.388
10.51
9.6032
20.729
16.527
15.06
12.797
13.543
9.5347
13.074
16.834
14.681
13.423
19.709
14.894
14.987
21.546
14.725
16.488
20.498
14.077
18.156
16.961
15.857
13.028
15.412
14.2
14.682
11.916
17.436
17.736
11.848
16.817
10.51
14.417
17.297
17.319
17.26
12.99
14.418
13.548
16.87
13.271
15.115
13.405
22.056
12.908
12.433
13.705
15.413
12.071
15.493
18.254
13.561
14.868
11.61
12.376
21.464
11.564
18.123
15.084
17.595
18.162
9.6032
16.447
9.1589
11.418
12.908
17.707
12.993
13.036
16.481
10.913
12.16
11.701
13.124
18.314
13.1
12.161
19.914
13.438
13.953
15.538
16.253
14.09
18.153
12.659
8.2141
18.119
18.863
16.68
17.091
13.494
15.236
16.636
10.51
13.949
18.231
12.704
13.847
22.111
18.454
16.501
15.245
16.575
17.782
14.514
13.596
14.329
19.327
19.798
17.777
16.66
19.753
12.908
11.959
15.041
17.284
14.043
19.042
14.566
10.667
10.236
16.341
15.893
18.208
14.34
15.099
18.093
13.957
21.028
23.068
15.412
22.035
9.5347
16.779
13.694
15.862
18.871
9.3026
14.422
17.032
16.461
16.985
17.812
14.629
15.18
9.5347
19.718
11.443
17.058
17.668
19.454
13.086
16.772
17.238
16.975
14.311
10.98
15.222
18.988
20.512
10.236
15.824
16.018
22.1
19.63
13.874
17.994
11.224
17.559
9.4066
15.795
20.046
14.275
15.584
14.11
18.611
14.868
17.966
13.169
16.61
13.199
16.936
15.93
14.793
15.575
20.612
17.723
11.864
11.864
18.09
12.752
17.111
17.975
14.762
15.651
11.4
14.943
16.245
15.295
17.15
19.551
13.792
18.166
18.589
10.223
21.423
18.643
20.044
9.82
31.72
24.992
16.975
17.08
12.289
11.443
14.363
9.4066
15.764
13.024
9.6032
13.466
16.63
13.978
17.157
10.51
13.074
13.221
18.03
15.169
14.349
9.4909
21.365
15.767
15.935
14.101
18.919
16.943
17.736
14.759
14.827
21.088
17.522
15.438
13.202
17.004
15.906
17.744
19.717
18.262
19.281
18.45
12.874
15.381
11.889
10.638
16.665
18.528
17.987
14.987
17.253
17.595
11.546
11.867
12.307
17.091
15.789
16.855
12.624
30.261
18.114
11.272
14.069
17.131
15.411
16.636
13.792
12.624
19.88
15.203
17.319
16.745
17.091
15.807
15.671
15.464
15.862
11.72
17.241
14.788
18.062
13.383
18.485
11.651
18.763
17.117
16.546
18.632
12.466
19.436
25.8
17.847
18.401
10.826
14.76
13.094
19.647
21.086
14.718
16.883
24.328
14.762
13.285
13.916
13.516
12.993
15.566
14.061
24.09
17.78
20.082
15.789
9.4066
12.894
10.638
11.77
12.256
15.414
16.704
16.639
18.806
18.297
22.445
16.77
15.505
13.94
17.132
19.258
15.828
15.681
12.16
20.469
10.513
14.657
16.62
12.874
9.5494
18.954
14.298
14.046
12.309
12.052
15.06
13.365
11.057
18.483
16.925
15.391
13.779
16.13
14.739
18.66
21.208
21.579
15.217
22.008
18.33
20.192
13.423
15.381
17.605
11.237
9.4066
16.808
14.875
18.54
12.82
20.031
17.876
11.224
14.34
14.681
18.648
12.624
16.447
20.033
16.353
19.233
12.549
12.429
14.875
15.159
18.321
13.133
14.084
12.231
21.032
12.738
21.258
14.072
30.838
19.86
21.599
12.939
21.302
20.506
21.052
19.92
13.1
19.521
15.917
16.367
17.95
16.15
13.692
18.479
16.629
13.596
17.274
17.468
13.805
19.754
18.558
15.681
17.411
15.147
15.276
15.045
19.069
14.631
16.655
14.299
16.735
10.98
17.071
18.416
11.411
19.155
16.279
18.314
16.204
20.084
12.407
12.179
9.5347
14.762
19.547
18.266
15.531
18.26
10.211
15.985
21.483
17.539
10.761
19.938
18.804
16.191
16.607
13.725
16.719
14.236
19.591
17.982
15.269
12.987
18.034
20.219
18.52
16.797
14.171
15.315
13.089
21.436
18.776
15.173
17.797
14.872
9.6032
18.806
16.389
21.305
12.624
21.631
14.53
16.166
11.916
16.514
14.124
14.046
17.117
17.492
15.626
14.782
13.615
15.391
13.952
14.649
17.326
12.466
15.225
18.553
13.743
20.78
19.106
22.973
21.088
14.349
17.408
15.11
19.126
17.823
18.109
19.948
16.021
15.712
17.95
14.298
14.2
15.977
12.535
13.014
15.671
18.128
22.173
20.898
19.542
18.281
13.397
17.398
18.796
18.068
15.46
19.225
16.873
14.072
14.157
17.42
19.537
14.043
14.774
18.034
17.715
15.637
16.438
20.677
16.26
10.98
17.125
11.564
11.224
17.133
13.133
15.405
15.75
17.29
9.4066
11.768
18.188
18.028
13.945
15.659
18.823
16.281
16.966
12.624
22.221
15.391
15.27
13.422
19.126
15.682
21.578
16.635
15.165
14.453
13.947
20.562
16.217
14.035
20.256
15.001
13.838
13.028
12.747
21.065
13.387
18.484
20.234
13.17
18.632
11.957
14.76
12.817
17.494
13.515
9.1589
15.299
9.4066
17.73
15.543
13.383
17.512
16.99
13.821
13.515
16.991
16.11
14.542
19.579
12.002
13.285
17.385
15.654
11.72
15.169
19.963
17.03
20.416
14.797
16.996
14.251
11.417
12.03
12.384
20.118
16.841
9.3026
10.51
15.165
14.085
16.444
14.774
15.846
11.864
11.804
14.722
18.543
17.786
17.811
20.177
13.668
12.972
18.058
16.729
17.633
18.221
18.35
17.546
11.049
15.022
11.756
16.714
16.89
12.99
13.949
15.921
14.987
21.856
16.99
11.756
9.4909
13.105
9.5494
15.807
18.311
12.877
10.638
16.677
16.676
21.313
12.936
13.879
15.833
16.205
16.714
14.592
13.133
9.4213
21.131
16.996
11.272
19.744
9.4066
16.63
13.566
16.534
18.182
11.811
11.768
17.468
17.534
17.312
11.64
15.097
18.473
17.136
15.995
17.695
19.629
15.299
11.049
13.489
19.252
21.83
10.638
15.382
15.7
22.758
12.248
17.068
18.91
13.721
10.638
10.638
19.458
18.961
14.236
15.608
22.211
15.891
18.949
15.144
15.201
17.55
17.219
13.036
24.319
12.003
17.075
25.851
14.944
17.345
18.71
12.804
20.368
13.217
14.125
12.821
14.481
21.462
11.864
11.237
20.533
16.074
15.37
13.217
13.821
16.192
10.775
13.661
13.383
13.494
18.251
13.074
15.776
11.768
18.339
16.506
16.195
14.534
16.455
15.16
16.421
14.632
15.715
19.849
18.727
13.13
17.142
19.295
12.384
17.595
13.221
14.965
17.23
15.703
16.124
14.521
13.37
16.663
17.107
18.932
11.957
14.853
17.149
25.324
18.231
18.897
20.246
17.157
16.524
12.817
15.551
14.553
17.157
16.734
13.985
17.552
14.198
15.935
15.472
19.84
15.572
19.34
18.775
16.387
15.421
19.141
17.382
14.181
18.796
16.652
11.732
13.953
11.756
17.902
16.419
20.02
15.864
18.001
11.564
16.065
19.369
22.181
16.119
16.058
16.382
12.16
9.6032
17.536
22.142
14.014
15.981
19.222
14.423
15.891
17.637
13.381
14.391
17.652
19.12
20.724
17.143
14.391
15.251
16.573
12.692
18.592
20.875
19.697
15.543
15.135
11.546
11.448
16.53
13.397
19.214
17.703
14.682
16.205
8.2141
16.412
18.655
14.391
16.558
18.401
13.776
15.349
19.493
17.783
16.169
16.89
18.954
20.017
18.007
18.183
20.583
16.925
14.492
14.181
15.294
15.043
21.668
10.51
17.666
16.226
17.992
19.034
16.385
18.966
12.804
16.419
15.673
11.443
14.035
18.11
12.433
18.871
17.884
22.363
13.753
13.216
14.718
17.614
18.173
18.679
14.879
15.022
17.614
17.944
12.194
21.007
17.856
15.34
15.295
15.764
11.272
12.911
19.554
13.772
20.055
18.662
16.288
14.932
17.255
16.99
17.515
19.735
12.791
16.288
13.816
18.64
11.768
16.201
14.685
18.2
14.889
19.917
20.119
22.663
13.978
13.664
14.153
17.712
18.551
15.004
17.584
19.521
13.086
10.972
14.76
18.122
15.178
14.647
11.272
16.348
13.596
15.925
17.437
22.713
19.194
17.443
10.51
13.928
12.624
12.211
16.207
19.798
12.7
17.053
16.984
16.419
16.196
18.91
12.752
17.523
12.289
17.053
16.245
11.651
17.253
18.714
10.706
14.027
17.652
20.911
15.394
15.246
17.026
15.135
16.045
9.6032
12.407
12.624
11.237
23.229
16.832
11.64
19.849
20.95
9.4213
17.196
12.7
18.572
16.734
22.964
13.805
16.266
23.187
19.868
11.64
13.419
20.835
18.66
19.4
15.403
12.549
14.257
15.44
16.018
14.061
10.638
18.411
14.774
17.951
10.98
14.366
18.806
21.592
13.78
12.523
16.211
11.864
19.478
16.665
10.638
15.924
22.065
18.62
15.94
16.393
13.036
15.33
19.082
14.349
21.052
15.004
9.5494
14.546
15.482
13.838
14.084
20.517
11.4
9.5347
18.878
12.98
23.466
11.822
18.555
17.744
15.315
10.679
16.436
15.13
20.761
19.798
21.106
17.876
14.713
9.4066
11.864
22.056
21.146
17.104
12.384
14.507
9.4066
14.857
17.032
13.99
16.655
15.269
16.996
19.388
16.143
17.99
12.768
9.82
13.546
12.248
16.303
13.63
16.529
14.834
10.236
18.248
15.76
14.078
20.441
19.651
11.756
17.733
14.784
15.248
15.048
15.153
15.579
14.196
15.627
19.128
20.309
17.945
16.999
13.976
16.033
15.37
15.068
12.75
12.466
12.217
11.049
16.894
15.947
13.64
13.387
12.581
14.114
14.169
8.1994
23.507
17.626
14.262
16.128
20.714
9.5347
13.036
15.885
20.034
14.789
13.071
13.972
18.845
11.443
14.306
14.969
16.926
13.788
14.919
12.466
14.731
12.466
14.011
16.198
14.078
14.068
19.066
18.768
13.217
21.721
16.195
14.011
13.038
11.64
19.592
14.514
15.11
18.034
14.736
17.551
14.069
12.526
15.806
17.27
14.221
10.638
10.667
12.827
19.773
9.6032
15.608
19.092
14.306
16.223
16.569
17.02
23.56
10.236
16.035
11.167
15.394
10.638
16.848
13.731
13.906
14.662
16.382
18.247
14.007
19.496
21.17
19.36
17.598
19.763
15.239
19.433
15.342
17.295
15.043
9.9601
18.444
16.875
12.071
15.736
17.565
13.776
19.269
21.391
13.975
16.299
9.6032
14.852
17.837
15.262
16.857
16.447
14.992
14.495
14.505
15.493
22.617
20.543
18.519
13.46
14.49
13.316
10.98
13.494
17.077
16.273
13.397
12.64
11.822
15.962
13.365
14.043
9.4066
16.912
16.665
16.622
12.248
18.973
12.95
13.533
15.877
15.315
12.825
14.575
13.169
17.751
19.066
18.005
12.7
15.341
18.454
13.978
14.456
17.841
16.877
16.968
14.482
19.642
20.075
18.45
21.469
13.654
14.084
9.4066
13.812
13.418
18.052
20.14
17.151
14.188
14.187
18.62
13.028
16.928
14.428
22.581
12.407
17.61
21.616
13.847
11.237
16.803
19.15
15.884
15.046
18.019
13.916
18.193
16.799
15.06
19.753
11.765
12.248
16.553
17.112
18.864
13.262
17.135
14.16
13.615
19.031
18.961
18.779
14.76
13.596
27.292
11.756
13.221
12.592
18.166
16.464
16.615
13.94
12.003
14.755
13.994
9.6032
20.71
17.157
16.614
12.955
12.179
15.18
13.916
13.137
12.817
17.025
20.225
15.56
13.397
15.846
15.671
23.931
14.442
13.438
15.57
14.216
17.1
21.992
14.62
17.39
10.563
13.028
11.732
16.996
21.7
15.256
17.77
13.792
16.307
13.968
15.924
18.436
14.455
11.811
14.976
14.571
9.5347
19.351
18.208
19.131
21.966
20.329
11.651
17.427
15.482
20.017
11.049
15.178
15.258
14.084
16.4
10.236
20.139
11.768
19.066
13.788
17.347
15.446
11.546
19.287
19.789
10.826
18.214
11.057
19.066
14.817
17.341
19.078
18.087
15.404
16.79
13.82
13.086
12.376
17.242
15.322
16.832
14.523
14.316
15.949
18.172
10.98
13.23
15.982
16.949
18.823
10.51
12.179
15.476
11.651
14.797
14.187
12.271
21.315
10.638
19.334
19.233
16.89
15.84
16.142
13.152
12.822
12.376
13.494
21.26
17.884
19.555
14.366
23.542
8.1994
11.916
14.797
22.883
17.341
14.559
15.33
16.416
11.968
17.595
22.539
17.949
22.009
16.551
16.8
19.326
16.829
15.73
15.806
11.768
17.922
13.792
13.397
13.664
19.216
13.705
11.057
13.99
17.753
16.932
9.7195
14.971
18.767
11.283
14.175
17.223
15.493
12.715
13.283
17.51
14.391
12.937
9.6032
20.348
17.741
13.13
16.503
18.656
15.169
18.347
15.327
12.955
15.703
14.85
11.64
15.251
12.7
12.936
16.689
13.529
11.237
13.124
16.062
10.51
18.058
16.245
16.324
18.029
20.542
12.003
17.29
12.945
18.36
18.386
16.358
14.507
12.199
14.581
16.562
20.878
16.41
15.374
12.626
11.049
16.53
8.1994
19.804
16.128
13.847
14.774
9.7195
16.774
11.867
12.161
17.373
11.864
15.654
18.724
13.606
17.695
20.375
13.957
13.014
17.91
17.61
17.272
17.395
18.926
17.716
16.308
13.516
20.64
15.141
15.873
9.6032
17.097
15.684
21.329
12.407
19.071
19.608
15.06
18.483
16.377
15.995
16.229
12.993
16.081
17.286
12.824
18.025
18.324
13.036
15.832
18.914
17.458
12.466
16.308
15.322
16.388
15.352
19.448
9.3026
17.707
12.945
18.104
8.1994
17.057
13.664
13.397
16.376
16.973
14.11
16.385
18.856
8.1994
9.7195
15.543
15.464
14.047
15.411
18.535
12.017
15.682
22.548
14.675
12.248
15.68
15.825
13.94
10.761
10.667
11.732
19.153
11.64
11.237
20.519
16.546
15.469
16.496
15.92
16.53
9.7195
16.101
16.897
17.413
15.048
19.267
13.221
16.283
8.2141
23.314
16.686
19.883
14.224
15.303
15.374
16.734
13.405
16.509
20.321
17.825
13.387
16.341
12.708
18.685
19.812
16.211
14.125
19.016
13.036
16.064
15.798
19.779
16.608
14.434
13.677
10.761
15.91
14.701
16.862
13.479
20.543
14.329
15.815
15.995
14.171
16.195
14.774
15.099
21.232
15.13
13.815
15.115
17.04
11.957
14.342
10.698
18.321
17.394
19.685
17.056
9.7195
16.205
15.559
18.928
15.703
17.762
11.43
17.742
19.287
14.505
13.221
18.158
17.713
20.343
16.142
17.068
10.667
19.459
18.166
14.796
15.4
12.199
17.068
18.679
13.677
16.571
12.945
16.24
20.067
16.129
16.718
16.704
18.247
11.768
12.804
20.558
17.148
13.166
18.157
17.164
16.587
10.98
19.865
16.06
13.352
16.608
19.637
20.279
19.52
13.277
13.335
20.963
19.503
27.537
17.345
18.589
16.435
18.99
18.608
14.306
19.548
15.962
11.47
11.237
13.986
17.24
16.404
14.623
15.764
17.318
15.017
14.043
20.309
17.342
19.537
20.78
11.076
15.41
18.237
14.353
19.3
15.236
18.723
19.075
20.287
15.694
12.99
18.889
19.468
12.98
16.084
19.908
13.074
16.859
16.893
13.028
10.284
13.552
17.406
18.207
15.862
20.812
14.327
15.169
13.63
14.011
20.928
11.874
17.225
17.998
19.53
9.4066
15.27
17.289
15.501
20.297
12.752
13.071
14.521
14.932
16.42
12.16
15.099
10.667
13.133
17.21
13.831
18.532
17.035
12.784
16.324
15.691
10.513
15.977
12.679
15.565
14.16
14.16
13.615
16.687
18.806
12.797
14.681
18.126
20.562
19.441
14.495
13.221
17.505
20.371
9.5347
14.736
17.032
17.855
14.269
12.384
16.586
12.939
10.51
17.588
17.888
15.311
13.596
13.525
15.276
16.569
15.234
10.236
13.94
15.031
15.492
15.247
20.204
16.367
17.733
16.193
11.867
14.072
14.662
16.241
15.269
13.779
21.202
15.277
13.397
11.546
19.637
13.277
20.128
15.732
14.311
13.106
18.93
10.638
15.11
10.51
12.16
23.576
10.761
15.834
12.549
18.221
22.921
20.414
11.768
16.72
12.541
13.749
16.094
13.637
15.998
17.243
16.21
11.768
19.789
19.296
10.51
13.529
10.775
10.211
11.957
20.167
11.743
18.2
13.553
9.6032
16.244
17.443
18.605
15.409
10.247
16.188
18.477
19.816
15.062
16.436
12.16
17.98
19.505
13.682
22.228
16.665
9.7195
14.397
14.937
17.323
13.302
21.235
10.667
13.271
17.095
14.805
11.465
14.865
18.718
21.034
12.937
17.703
18.326
13.014
21.166
13.838
13.028
18.262
19.401
14.736
15.438
17.068
19.61
18.46
19.382
17.688
17.598
19.73
9.9601
18.557
18.249
18.332
15.466
17.305
11.443
18.994
17.091
17.273
