10 18 28 30 39 51 59 77 88
9 18 19 30 39 56 59 76 87
9 18 20 34 39 53 59 77 87
10 18 27 30 44 52 59 74 87
10 18 25 34 39 53 59 76 87
10 18 22 34 39 53 59 77 88
4 15 28 34 40 52 68 77 82
2 17 25 34 39 53 67 77 88
9 14 26 34 47 53 60 70 80
9 14 27 34 47 53 60 70 80
5 15 27 37 42 53 65 76 82
9 14 25 34 46 53 60 70 80
5 15 24 30 42 53 60 73 82
9 14 27 34 47 51 60 70 82
10 14 27 34 48 54 60 69 80
2 15 28 32 39 53 68 77 84
2 15 20 30 39 54 61 77 86
8 14 23 30 44 52 60 70 82
9 14 27 34 47 53 60 70 82
8 15 25 34 46 56 60 70 80
6 14 27 34 42 51 66 76 82
2 15 20 34 39 54 61 76 82
3 16 25 34 40 54 66 76 80
4 15 28 34 42 54 68 77 80
2 15 28 34 39 54 68 77 85
10 15 27 34 48 55 60 70 80
8 14 27 34 44 53 68 76 80
10 14 28 34 47 53 60 70 80
6 15 22 38 42 49 60 72 82
3 14 27 34 40 53 68 77 80
2 15 28 34 39 54 68 77 87
9 14 27 34 47 53 60 72 80
9 14 26 30 47 52 60 70 80
9 15 22 37 46 53 60 70 80
2 15 28 34 39 52 68 77 86
2 15 22 36 39 53 63 77 87
9 15 27 32 47 55 60 70 80
9 14 27 34 47 54 60 73 80
9 14 27 34 47 55 60 70 80
4 14 26 34 42 53 61 75 80
2 16 28 34 39 52 68 77 84
8 16 24 34 44 52 60 71 82
2 15 24 30 39 53 67 77 87
9 15 28 34 47 56 68 77 80
2 15 22 34 39 52 63 76 84
9 15 28 34 47 55 63 76 82
7 14 27 34 44 53 66 76 80
2 15 20 34 39 56 61 77 86
9 15 27 34 47 56 60 69 80
2 15 28 34 39 52 68 77 87
7 16 26 34 42 51 60 75 82
2 14 28 30 39 52 68 77 80
2 14 22 34 39 54 63 76 80
7 14 22 34 44 55 60 70 80
9 15 27 34 47 54 60 72 80
6 15 20 34 42 53 60 70 82
2 15 20 34 39 55 61 76 84
4 15 24 32 40 53 61 76 82
9 17 28 34 47 53 60 71 80
2 15 28 37 39 53 68 78 87
9 15 27 34 47 51 60 70 82
9 14 27 34 47 53 60 70 80
2 15 19 34 39 57 60 76 86
3 15 22 30 40 53 61 75 80
2 15 27 34 39 54 68 77 87
2 15 20 30 39 55 61 76 85
2 15 22 34 39 52 63 76 84
2 15 19 34 39 52 60 77 87
2 16 22 34 39 53 63 76 84
9 15 27 34 46 52 61 76 82
2 15 28 34 39 51 68 78 87
9 17 26 32 47 54 60 70 80
10 15 27 37 47 53 60 70 82
7 17 27 34 44 54 63 76 80
9 15 25 34 44 51 60 72 82
6 15 19 30 42 53 60 70 82
7 15 27 34 42 51 67 76 82
9 17 24 36 47 53 60 69 80
4 15 28 34 42 56 68 77 80
2 15 24 34 39 51 67 77 87
3 15 23 34 40 53 61 75 80
9 17 26 34 46 53 60 71 80
7 15 28 34 44 54 68 77 80
2 15 28 34 39 52 68 77 85
8 15 20 37 44 53 60 70 82
5 14 27 34 42 53 68 76 82
9 16 23 34 47 55 60 70 80
9 17 28 34 47 53 68 77 80
2 15 28 34 39 55 68 77 87
7 16 27 34 44 55 68 76 80
2 15 26 37 39 54 67 77 84
2 15 24 37 39 53 66 77 87
2 15 19 37 39 53 60 76 86
2 15 28 34 39 53 68 77 87
2 15 27 34 39 55 68 77 85
7 14 27 34 44 53 63 75 80
10 17 27 34 47 53 60 70 80
2 15 22 34 39 55 63 76 80
2 15 28 34 39 55 68 77 85
2 15 28 34 39 51 68 77 86
3 15 19 34 40 55 60 72 80
9 15 28 34 44 51 68 77 82
9 15 27 34 47 55 63 75 80
9 15 28 34 47 52 68 77 82
2 14 22 30 39 52 63 77 87
2 15 19 37 39 53 60 77 87
9 17 27 34 47 55 60 71 80
2 15 20 34 39 50 63 77 87
6 15 25 30 42 53 60 75 82
6 15 24 30 44 53 60 71 80
2 15 28 34 39 55 68 77 84
9 15 28 34 47 55 68 77 80
3 14 27 34 40 53 66 76 82
2 15 19 34 39 55 60 77 87
3 14 27 34 40 53 68 76 82
3 15 22 30 40 52 60 74 80
10 14 28 34 48 53 68 77 82
4 15 27 36 40 53 68 76 82
10 15 28 34 47 52 68 77 82
9 15 27 34 47 56 60 73 80
9 15 28 34 46 52 68 77 82
8 14 28 34 44 52 68 77 82
9 14 27 34 47 52 60 70 82
9 14 28 34 47 53 68 77 80
2 15 20 34 39 56 61 76 85
5 14 27 34 42 53 68 76 80
2 15 28 34 39 53 68 77 87
2 15 20 37 39 53 63 77 86
3 15 20 37 40 53 60 73 80
2 15 22 34 39 54 63 76 84
3 15 22 30 40 53 60 74 82
4 15 27 34 42 54 68 76 80
7 16 20 34 42 50 60 70 82
2 15 28 34 39 55 68 77 84
2 15 27 34 39 54 68 77 87
2 16 23 37 39 54 65 77 88
3 15 28 37 39 54 68 77 87
2 15 26 34 39 53 68 77 86
9 15 28 34 47 51 60 71 82
2 15 28 34 39 52 68 77 85
2 15 19 34 39 53 60 77 87
3 14 26 30 40 53 66 76 80
2 15 24 34 39 55 67 77 87
9 15 27 34 47 54 60 69 80
9 14 26 34 47 53 60 70 80
3 15 20 30 40 52 60 73 80
2 15 28 34 39 55 68 77 87
8 15 28 34 44 51 68 76 82
2 15 20 34 39 56 63 76 85
2 15 22 30 39 54 63 78 88
9 15 28 37 46 53 68 77 80
9 15 27 34 47 56 60 71 80
3 15 28 34 39 54 68 77 87
2 14 23 30 39 51 65 76 84
3 15 26 30 40 53 66 76 80
9 14 28 34 47 55 60 71 80
2 15 28 34 39 54 68 77 80
9 15 27 34 47 51 60 70 82
2 15 28 34 39 51 68 77 82
2 15 22 34 39 54 63 76 84
2 15 28 32 39 51 68 77 82
2 14 28 30 39 49 68 78 87
6 15 24 37 42 51 60 73 82
8 15 20 34 44 52 60 70 82
4 15 26 36 42 53 63 76 80
6 15 22 32 42 52 60 72 82
9 15 27 34 47 51 60 74 82
9 15 20 30 44 50 60 70 82
2 15 26 34 39 56 68 77 87
2 14 28 34 39 53 68 77 82
2 15 22 34 39 51 63 77 87
8 15 28 34 44 52 68 76 82
10 15 28 37 47 53 60 70 82
2 15 25 34 39 50 67 77 87
4 15 27 34 42 54 67 76 80
6 14 28 34 42 53 68 77 82
2 14 20 34 39 53 61 76 84
9 17 27 34 46 53 60 72 80
2 11 28 34 39 53 68 77 80
7 15 27 34 44 55 61 75 80
4 15 24 37 40 52 61 76 82
9 16 24 34 47 54 60 69 80
9 16 27 32 47 51 60 70 82
3 17 28 34 40 53 68 77 82
9 14 28 34 47 54 63 75 80
4 15 27 34 40 50 68 77 82
4 17 23 34 40 52 60 75 82
9 16 25 34 47 53 60 70 80
8 15 24 34 44 53 60 71 80
2 15 22 34 39 52 63 77 87
9 15 27 34 47 52 60 70 82
7 14 28 34 44 53 68 77 80
2 15 24 34 39 52 66 77 87
9 15 27 34 44 51 60 76 82
7 15 27 34 44 55 63 75 80
2 14 27 32 39 53 68 77 84
2 15 24 34 39 52 66 77 87
2 15 28 34 39 55 68 77 85
2 15 28 34 39 52 68 77 87
9 15 28 34 46 52 65 76 82
8 15 27 34 44 53 66 76 82
9 15 25 34 47 54 60 70 80
4 15 23 36 42 54 60 73 80
8 14 27 36 46 55 60 73 80
8 14 27 34 44 52 65 76 82
2 15 20 34 39 55 63 77 87
7 14 27 34 44 54 68 76 80
9 17 27 34 46 53 63 76 82
8 15 27 37 44 53 60 75 82
9 15 23 34 47 50 60 70 82
4 15 25 30 42 54 61 75 80
2 16 22 32 39 54 65 78 88
9 16 26 34 47 54 59 69 80
7 17 27 34 44 54 63 76 80
4 15 24 37 42 55 60 73 80
9 15 28 36 47 54 68 77 80
2 14 22 34 39 53 65 76 82
6 15 27 30 44 55 68 76 80
2 15 26 36 40 56 67 76 80
4 16 20 34 40 53 60 73 82
9 14 28 34 47 55 61 74 80
3 14 20 34 40 53 60 73 82
7 14 22 34 44 53 60 70 80
2 15 28 34 39 55 68 77 86
2 15 26 34 39 51 68 77 87
4 15 23 34 42 54 60 73 80
2 14 28 34 39 50 68 77 82
9 15 22 34 46 54 60 70 80
9 15 25 34 47 54 60 70 80
9 16 22 34 46 53 60 70 82
6 15 27 30 42 52 65 76 82
9 14 27 30 47 52 60 73 80
9 14 28 37 46 53 68 77 80
6 14 22 34 42 53 60 72 82
2 15 20 37 39 52 63 77 86
2 15 28 34 39 56 68 77 87
2 14 25 34 39 52 67 77 87
2 15 28 37 39 53 68 77 87
9 15 25 34 47 52 59 70 82
4 15 26 34 40 51 63 76 82
7 14 20 34 44 54 60 70 80
8 16 24 34 46 56 60 70 80
3 15 24 37 40 53 63 76 80
9 14 27 34 47 53 60 70 80
9 15 28 34 47 54 68 77 80
2 15 23 34 39 55 65 77 87
6 14 27 30 44 52 66 76 80
4 15 27 34 42 55 68 76 80
9 14 27 34 46 53 65 76 80
2 17 19 34 39 56 60 77 87
7 14 20 34 44 53 60 70 80
9 15 27 34 47 51 60 71 82
9 15 25 34 47 54 60 70 80
9 15 28 37 47 56 63 76 82
9 14 27 34 46 53 60 72 82
3 15 25 37 40 53 65 76 80
7 15 27 34 44 53 66 76 80
9 14 25 34 47 52 60 70 80
9 14 28 34 47 53 60 75 80
9 15 28 34 47 55 68 77 80
2 15 28 37 39 52 68 77 87
5 15 20 30 42 53 60 71 80
2 15 24 34 39 56 67 77 87
9 17 27 34 47 54 60 70 80
2 15 22 37 39 52 61 76 82
8 16 24 34 44 53 60 71 80
2 15 20 30 39 54 61 77 86
9 15 27 30 47 54 63 75 80
2 15 25 34 39 51 67 76 82
2 14 24 34 39 53 66 76 82
9 14 22 34 47 51 60 70 82
7 15 26 34 44 55 60 73 80
4 14 22 34 42 54 60 72 80
7 15 28 34 44 55 68 76 80
9 15 27 34 47 53 60 70 80
2 12 28 34 39 53 68 77 85
9 16 27 34 47 53 60 70 80
9 15 20 34 46 55 60 70 80
2 15 27 37 39 52 68 77 87
9 15 27 34 46 52 60 71 82
2 14 28 30 39 52 68 77 85
2 15 24 30 39 52 66 76 80
2 15 22 34 39 53 65 77 87
9 16 27 34 46 53 60 76 82
9 14 27 34 47 53 60 70 82
2 15 27 34 39 54 68 77 87
9 14 23 34 46 54 60 70 80
2 11 28 30 39 52 68 77 80
4 15 22 34 42 54 60 72 80
2 15 20 37 39 53 63 76 82
9 15 27 34 47 56 60 70 80
9 15 27 34 47 55 60 70 80
4 15 27 34 42 55 66 76 80
9 15 25 34 47 53 60 70 82
9 15 28 34 47 54 63 76 82
9 15 26 34 47 56 60 69 80
4 15 27 32 42 54 67 76 80
6 15 27 34 44 56 63 75 80
9 15 25 34 47 52 59 70 82
9 15 24 37 46 53 60 70 80
2 15 28 34 39 52 68 77 86
9 14 27 34 47 54 60 70 80
2 15 20 34 39 54 61 76 82
4 14 20 32 42 53 60 71 80
2 15 24 30 39 52 67 77 87
7 15 24 34 44 54 60 71 80
9 14 22 34 46 53 60 70 80
2 15 28 38 39 53 68 77 86
10 15 28 34 48 55 68 76 80
8 14 22 37 44 53 60 70 80
4 15 27 37 40 53 67 76 82
2 15 26 34 39 53 68 77 87
9 15 23 34 47 54 60 69 80
9 15 22 34 47 55 60 70 80
2 15 26 34 39 51 68 77 87
10 15 28 30 48 53 68 77 80
9 14 27 30 46 52 60 73 80
2 15 19 34 39 54 60 77 87
8 15 22 34 44 51 60 70 82
2 16 28 30 39 53 68 77 87
9 16 23 36 46 53 60 70 80
9 14 26 34 46 53 60 71 82
2 15 22 34 39 57 63 77 86
2 15 23 34 39 50 66 77 87
3 14 24 30 40 53 63 76 80
4 15 23 34 40 51 60 75 82
9 15 26 34 47 54 60 70 80
9 15 28 34 46 53 65 76 82
3 15 20 30 40 55 60 73 80
9 15 27 30 47 53 60 72 80
5 17 26 30 42 52 63 76 80
6 15 27 34 44 55 65 76 80
9 15 27 34 46 52 63 76 82
8 14 26 30 46 52 60 71 80
4 16 24 34 42 55 60 73 80
2 15 22 34 39 56 63 77 87
7 15 22 37 44 54 60 70 80
3 17 20 37 40 53 60 73 80
2 15 24 30 39 52 66 76 84
4 17 27 34 42 55 67 76 80
9 15 27 30 47 53 60 71 80
2 15 22 37 39 51 63 76 82
9 15 28 34 47 55 63 76 82
9 15 27 34 46 51 60 75 82
8 15 25 36 44 53 60 72 82
9 15 26 34 47 56 60 70 80
2 15 22 34 39 51 63 77 87
7 14 28 30 44 53 68 77 80
5 17 27 34 42 53 68 77 80
10 15 27 36 47 53 60 70 80
2 15 22 37 39 53 65 78 88
9 16 22 34 47 53 60 70 80
9 15 28 36 46 53 66 76 80
7 14 26 34 44 54 60 73 80
9 14 25 34 47 52 60 70 82
9 15 27 37 46 53 60 73 82
5 14 24 34 42 53 60 73 80
9 15 28 30 47 55 68 77 80
2 15 25 34 39 54 67 76 84
2 15 24 34 39 54 66 77 87
2 15 25 34 39 52 67 77 87
2 14 24 34 39 53 66 76 80
9 15 27 34 47 52 60 70 82
7 15 27 36 42 50 66 76 82
9 15 27 34 44 50 66 76 82
9 15 28 34 47 54 60 75 80
2 15 27 34 39 55 68 77 82
9 16 27 34 47 53 60 70 82
9 14 23 34 47 52 59 69 82
8 14 28 34 46 54 68 77 80
6 15 27 37 44 55 66 76 80
9 17 27 34 47 53 60 73 80
4 15 27 34 40 51 66 76 82
2 15 24 34 39 51 66 77 87
2 15 24 34 39 54 66 77 87
9 14 22 30 47 52 60 70 80
9 15 23 30 46 53 60 70 80
2 15 26 34 39 51 68 77 86
8 15 26 30 44 53 60 73 82
7 14 26 37 44 53 60 73 80
2 14 22 34 39 53 63 76 80
4 14 22 34 40 51 60 75 82
9 14 27 34 47 53 60 70 80
6 15 26 30 44 56 60 73 80
6 15 28 32 42 51 68 77 82
6 15 27 30 42 53 67 76 82
6 14 27 34 42 51 66 76 82
3 15 27 30 40 53 68 77 82
6 15 27 30 44 56 63 75 80
8 15 25 34 46 54 60 70 80
9 15 27 34 46 55 60 73 80
2 15 25 37 39 53 67 76 82
8 15 27 37 44 53 66 76 82
2 15 28 34 39 55 68 77 87
2 15 27 34 39 56 68 77 84
2 15 26 34 40 54 68 76 80
2 15 28 34 39 53 68 77 87
4 15 27 34 42 55 65 76 80
2 15 22 34 39 52 65 78 88
2 15 20 38 39 54 61 77 87
9 16 26 37 47 53 60 70 82
2 15 22 34 39 52 63 77 87
4 14 22 34 40 50 60 74 82
7 16 20 32 44 54 60 70 80
8 14 24 34 44 53 60 71 82
9 15 26 34 47 55 60 70 80
3 16 20 30 40 52 60 73 80
2 15 28 34 39 56 68 77 87
9 14 26 34 47 53 60 70 82
9 17 27 37 46 53 60 75 80
6 14 27 34 44 56 61 75 80
2 15 22 34 39 55 65 77 87
3 15 27 37 40 53 68 76 80
2 14 20 34 39 51 61 76 82
9 15 23 30 47 55 60 70 80
2 15 20 37 39 54 63 76 85
2 15 28 34 39 54 68 77 87
3 15 20 34 40 55 60 73 80
2 15 22 32 39 56 63 77 87
9 14 27 34 47 54 60 70 80
2 15 20 34 39 54 63 76 82
9 15 22 34 47 56 60 70 80
6 15 26 34 42 51 60 75 82
4 15 27 34 40 52 68 77 82
4 15 24 37 40 51 60 76 82
4 14 27 34 42 53 67 76 80
9 15 28 37 46 52 66 76 82
9 17 28 34 47 53 68 77 80
9 17 27 34 47 54 60 72 80
9 15 28 34 47 56 68 77 80
2 15 28 34 39 56 68 77 86
3 13 28 37 39 53 68 77 87
4 16 27 34 42 54 68 76 80
9 16 22 34 46 51 60 70 82
4 14 22 34 42 55 60 72 80
9 16 27 34 47 53 60 74 82
8 15 24 34 46 55 60 70 80
8 17 22 34 44 53 60 70 82
9 16 27 34 46 53 60 73 82
2 16 26 34 39 52 67 76 82
9 15 27 34 44 50 60 75 82
2 15 20 34 39 54 61 76 85
9 15 27 34 47 53 60 70 82
9 15 27 34 47 52 60 70 82
2 15 20 34 39 56 63 77 86
5 15 27 34 42 53 68 76 82
9 15 22 34 47 54 60 69 80
3 17 20 34 40 55 60 73 80
9 15 22 34 46 53 60 70 82
10 15 27 34 48 54 60 70 80
6 16 27 30 42 53 67 76 82
2 15 28 37 39 53 68 77 85
4 15 26 34 40 50 61 76 82
7 15 27 34 44 55 60 74 80
9 15 27 37 46 54 60 73 80
8 15 27 34 46 55 63 75 80
9 14 27 34 47 53 60 70 80
2 15 28 34 39 51 68 77 87
9 15 27 30 47 53 60 70 80
2 15 24 34 40 55 65 76 80
2 15 23 34 39 55 65 77 88
6 14 24 34 42 51 60 73 82
2 15 19 34 39 51 60 76 85
8 14 26 34 44 52 60 73 82
3 16 22 34 40 53 60 74 80
8 15 26 34 44 55 60 73 82
9 15 28 30 46 52 68 77 82
9 15 26 37 46 53 60 71 80
2 15 23 34 39 51 65 77 88
5 15 24 30 42 52 60 74 82
2 15 26 34 39 52 68 77 87
6 17 27 34 42 53 61 76 82
9 15 26 37 46 53 60 71 80
8 15 27 30 44 53 63 76 80
2 15 28 34 39 53 68 77 82
6 15 25 30 42 51 60 75 82
9 14 27 32 46 53 60 73 80
7 16 28 34 44 54 68 77 80
2 15 28 34 39 55 68 77 86
3 15 27 30 40 53 68 77 82
10 15 28 37 48 53 68 77 82
4 14 25 36 42 53 61 75 80
2 15 23 34 39 56 65 77 87
3 15 22 34 39 50 61 76 82
2 15 26 34 40 56 68 76 80
4 14 26 34 40 50 63 76 82
2 15 28 37 39 53 68 77 87
2 15 28 34 39 54 68 77 80
5 14 28 34 42 53 68 77 82
7 15 22 34 44 54 60 70 80
9 14 22 30 46 52 60 70 80
9 14 22 34 46 53 60 70 82
9 14 23 34 47 54 60 69 80
4 15 24 34 40 51 60 76 82
6 14 27 34 44 55 66 76 80
9 15 27 34 47 51 60 70 82
9 15 27 37 46 53 65 76 80
5 14 27 30 42 53 65 76 80
6 15 26 36 42 53 60 75 82
9 16 26 30 46 53 60 70 82
5 15 27 34 42 53 61 76 82
9 14 28 34 47 52 65 76 82
6 15 20 34 44 56 60 70 80
9 16 24 34 47 55 60 69 80
2 15 28 34 39 55 68 77 84
9 17 27 34 47 53 60 73 82
9 16 27 34 44 50 63 76 82
4 15 24 34 42 55 60 74 80
2 15 24 34 39 53 66 77 87
4 15 27 37 40 52 68 77 82
4 15 22 34 42 55 60 72 80
3 15 22 30 40 53 60 74 80
9 15 27 34 47 55 60 74 80
2 15 23 30 39 52 66 77 87
2 15 27 34 39 55 68 77 86
9 15 28 34 47 52 68 77 82
9 14 27 34 46 52 61 76 82
2 15 28 34 39 50 68 77 87
9 14 22 34 47 54 60 70 80
9 15 27 36 46 53 63 76 82
9 14 28 34 47 51 61 76 82
6 14 27 34 42 53 63 76 82
7 15 19 32 44 55 60 70 80
9 16 28 34 47 54 63 76 82
9 14 27 34 47 52 60 70 80
2 15 23 37 39 55 65 76 80
2 15 24 34 39 52 65 76 82
2 14 28 34 39 53 68 77 80
3 15 28 37 39 55 68 77 87
9 15 27 34 47 55 60 70 80
1 14 20 34 39 53 63 76 80
5 15 19 32 42 53 60 70 80
9 15 26 34 44 51 60 73 82
2 15 28 30 39 52 68 77 86
9 14 26 37 47 53 60 70 80
9 15 26 34 47 51 60 70 82
2 15 27 34 39 51 68 77 86
3 17 27 34 40 53 68 77 80
9 15 23 37 47 53 60 70 80
7 17 26 34 42 51 60 76 82
7 15 28 34 44 54 68 76 80
2 15 22 34 39 52 65 77 87
9 15 26 34 47 52 60 70 80
9 15 28 34 47 55 68 77 80
7 17 22 34 44 53 60 70 80
3 14 28 37 39 53 68 77 87
9 15 28 34 47 53 63 76 80
9 14 26 34 46 53 60 71 80
4 15 26 30 42 54 63 75 80
9 16 28 34 46 53 68 77 80
8 15 24 37 44 51 60 71 82
9 14 27 34 47 53 61 75 80
10 15 28 30 48 53 68 77 82
6 15 24 34 44 56 60 71 80
4 14 26 34 40 51 65 76 82
9 15 27 32 46 53 61 76 80
9 14 23 34 47 53 59 69 80
9 15 27 37 46 53 60 75 80
8 15 22 34 44 53 60 70 82
9 15 27 34 47 53 60 70 80
9 15 22 34 47 55 60 70 80
2 15 27 34 39 52 68 77 85
2 15 20 32 39 54 61 77 86
2 15 23 34 39 51 65 77 87
2 15 27 34 39 54 68 77 87
2 15 26 34 39 55 68 77 87
9 14 26 34 47 56 60 70 80
9 15 26 32 47 53 60 70 80
2 15 25 34 39 52 67 77 87
9 14 26 34 47 53 60 70 80
2 15 28 34 39 55 68 77 87
8 14 27 34 44 51 66 76 82
8 15 27 37 44 53 65 76 82
2 15 28 34 39 55 68 77 87
4 14 26 34 40 51 65 76 82
8 15 27 36 44 51 65 76 82
2 15 27 36 39 51 68 77 87
8 17 27 36 44 53 60 74 80
2 15 20 37 39 53 61 77 87
9 15 27 34 47 50 60 70 82
9 15 27 37 46 52 63 76 82
9 14 27 34 47 55 60 71 80
2 15 25 34 39 50 67 77 85
5 15 27 37 42 53 68 77 80
7 15 20 37 42 50 60 70 82
6 15 27 30 42 53 66 76 82
2 15 25 34 39 55 67 77 85
9 16 27 34 47 51 60 70 82
9 15 27 34 47 53 60 70 82
4 14 27 34 42 53 65 76 80
9 14 27 34 47 52 60 70 80
9 15 27 37 47 53 61 75 80
9 15 27 34 47 54 60 71 80
2 16 28 34 39 53 68 77 86
5 15 26 34 42 54 61 76 80
3 16 27 34 40 53 68 77 82
3 14 27 34 40 53 68 76 80
9 15 27 30 47 53 60 73 82
8 14 27 34 44 53 66 76 82
2 15 26 34 39 55 67 76 82
2 15 20 32 39 53 61 75 80
2 15 25 34 39 55 67 77 87
9 15 24 34 47 50 59 69 82
9 15 28 34 46 55 68 77 80
2 14 20 34 40 54 61 73 80
9 15 27 30 47 53 60 70 80
2 14 22 34 39 50 61 76 82
2 15 22 34 39 58 61 76 82
2 15 20 34 39 50 63 76 82
8 15 27 37 46 55 65 76 80
4 15 25 34 40 51 61 76 82
2 15 28 32 39 53 68 77 87
8 15 27 34 46 55 63 75 80
3 15 28 34 40 54 68 77 80
2 15 20 34 39 55 61 77 87
9 15 27 34 47 52 60 73 82
9 16 27 32 44 50 65 76 82
9 14 27 34 47 53 60 70 80
5 15 28 37 42 53 68 77 82
7 15 20 30 44 54 60 70 80
2 15 25 34 39 55 67 77 87
7 16 25 34 44 53 60 72 80
9 17 24 37 47 53 59 69 80
7 15 20 34 42 52 60 71 82
9 16 27 34 47 54 61 75 80
2 15 20 34 39 53 60 76 84
4 16 19 34 42 54 60 70 80
9 14 27 34 47 52 60 74 82
9 17 27 34 47 53 60 71 82
5 15 28 30 42 53 68 77 80
9 16 27 34 47 53 60 70 80
6 15 27 34 42 53 67 76 82
3 15 20 37 40 53 60 73 80
2 15 27 34 39 51 68 76 82
4 14 26 34 40 51 65 76 82
9 14 27 36 47 53 60 71 80
10 16 28 34 48 53 68 77 80
9 15 27 34 44 50 60 74 82
9 15 27 34 47 51 60 72 82
3 16 24 34 40 53 61 76 80
9 15 27 30 47 54 60 71 80
9 15 26 30 47 54 60 70 80
8 14 27 34 46 55 60 73 80
2 15 27 34 39 52 68 76 82
2 15 24 30 39 53 67 77 87
9 15 28 34 47 55 68 77 80
9 15 22 34 47 55 60 70 80
9 15 26 34 47 54 60 69 80
10 15 28 37 48 53 68 77 82
2 15 27 34 39 50 68 77 85
9 16 26 34 47 55 60 70 80
9 17 26 34 47 53 60 70 82
4 15 22 34 42 55 60 72 80
9 15 26 34 47 50 60 70 82
2 15 20 34 39 51 61 77 87
9 15 27 37 46 53 60 72 80
4 15 27 30 42 54 65 76 80
2 17 26 30 39 53 68 77 88
6 15 23 30 42 52 60 73 82
2 15 25 34 39 52 67 76 82
9 15 27 30 47 53 60 70 80
7 14 26 37 44 53 60 73 80
2 15 26 36 39 54 68 77 88
2 15 28 34 39 53 68 77 87
2 15 28 34 39 51 68 77 84
9 16 27 34 46 53 60 75 82
8 15 27 34 44 51 63 76 82
2 15 24 34 39 53 65 77 88
9 14 26 34 46 52 60 71 82
2 15 28 32 39 53 68 77 86
9 15 27 34 47 51 60 70 82
9 15 22 34 44 51 60 70 82
2 15 19 34 39 51 60 76 82
9 15 28 34 47 53 65 76 82
9 16 24 37 46 53 60 70 80
9 15 27 36 47 54 60 70 80
2 15 28 34 39 54 68 77 87
4 16 24 34 42 55 60 73 80
9 15 27 34 47 56 60 73 80
8 15 24 32 44 51 60 71 82
9 15 28 34 47 53 61 75 80
8 15 28 34 46 56 68 77 80
9 15 27 34 46 51 60 72 82
9 16 27 34 47 54 60 71 80
9 15 28 34 46 51 63 76 82
2 15 25 34 39 55 67 77 87
4 15 24 34 42 55 60 73 80
9 15 22 30 47 53 60 70 80
3 17 24 34 39 53 65 76 82
3 15 22 34 40 55 61 74 80
9 15 27 34 47 55 60 71 80
2 15 28 30 39 53 68 78 87
7 15 24 34 44 54 60 71 80
2 15 20 34 39 55 61 77 86
9 15 27 36 47 53 60 72 80
8 14 27 34 46 54 60 72 80
2 15 22 34 39 51 65 77 88
2 15 20 34 39 54 61 76 84
8 14 27 34 44 52 60 74 82
7 15 22 37 42 51 60 72 82
3 15 27 30 40 53 68 77 80
5 14 27 34 42 53 61 76 82
2 15 22 30 39 52 63 78 88
9 15 27 34 46 54 65 76 80
4 15 27 32 40 51 66 76 82
4 16 20 34 40 51 60 73 82
2 15 28 34 39 53 68 77 85
2 15 22 30 39 53 63 76 80
7 15 27 34 42 51 67 76 82
3 15 25 32 40 54 63 76 82
3 17 19 34 39 52 60 75 82
2 15 24 34 39 55 66 77 87
2 15 28 34 39 52 68 77 87
9 15 26 34 47 57 60 70 80
2 14 22 36 39 56 63 76 80
6 14 27 34 42 52 61 76 82
2 15 24 34 39 54 67 77 87
9 15 24 30 46 53 60 70 80
2 15 20 34 39 51 63 76 82
2 15 20 34 39 52 61 76 82
6 14 20 32 42 51 60 70 82
9 15 28 37 47 55 68 76 80
9 15 27 30 46 53 63 76 82
9 16 25 34 46 55 60 70 80
6 15 24 34 44 56 60 71 80
2 15 22 34 40 56 61 74 80
2 15 28 34 39 52 68 77 87
4 15 24 34 42 54 61 74 80
2 15 25 34 39 50 67 77 85
2 15 22 36 39 50 65 76 82
6 14 27 34 42 51 65 76 82
2 15 28 30 39 53 68 77 87
9 17 27 34 46 52 60 75 82
2 15 22 34 39 55 63 77 86
9 15 27 34 47 54 60 70 80
9 15 27 36 47 54 60 70 80
2 15 28 34 39 55 68 77 87
9 14 27 34 46 52 60 73 82
10 16 27 34 47 53 60 70 80
9 15 22 32 47 52 60 70 82
6 15 22 37 44 52 60 70 80
9 15 27 36 47 52 60 71 82
9 15 26 37 46 54 60 70 80
3 16 27 34 40 55 68 76 80
2 15 20 34 39 50 63 77 87
2 15 25 36 39 53 67 77 87
2 14 28 30 39 53 68 77 87
5 14 23 37 42 53 60 73 82
4 14 20 34 40 51 60 73 82
5 13 20 34 42 53 60 71 82
9 15 27 34 47 55 60 71 80
9 15 26 34 47 52 60 70 80
7 15 22 34 44 54 60 70 80
2 15 23 34 39 50 66 77 87
8 15 26 34 46 55 60 71 80
4 15 23 34 40 50 60 75 82
2 15 22 34 39 55 61 76 82
7 15 27 34 44 54 67 76 80
2 15 22 34 39 55 63 77 87
5 14 27 36 42 53 68 76 80
9 15 27 34 47 54 60 70 80
8 15 27 34 46 55 63 75 80
2 15 24 34 39 55 66 77 87
2 15 28 37 39 55 68 77 84
9 15 27 32 47 53 60 72 80
10 14 28 30 48 53 68 77 80
9 15 27 36 47 53 60 71 80
4 15 27 34 42 56 68 76 80
6 15 27 37 42 52 68 76 82
2 15 28 34 39 53 68 77 86
6 14 28 34 44 55 68 77 80
9 15 23 34 46 52 60 70 82
2 15 20 34 39 51 61 77 87
9 15 24 34 47 53 60 70 82
9 15 22 34 47 54 60 70 80
9 15 28 37 47 53 65 76 82
2 15 20 34 39 52 61 77 87
7 14 27 34 42 50 66 76 82
9 14 22 34 46 53 60 70 80
6 15 25 30 42 52 60 75 82
5 15 24 30 42 52 60 74 82
9 16 28 37 46 52 66 76 82
2 15 24 34 39 50 67 77 87
9 15 22 32 46 53 60 70 80
2 15 25 32 39 52 67 77 87
9 16 27 30 47 53 60 70 82
2 15 28 30 39 53 68 77 86
4 15 24 34 40 50 60 76 82
9 15 27 34 47 55 60 69 80
9 16 27 34 47 55 60 70 80
9 15 27 30 47 53 60 72 80
6 14 27 32 42 53 67 76 82
3 16 28 34 40 55 68 77 80
2 15 22 34 39 55 63 77 87
3 15 28 36 39 54 68 77 87
7 15 27 34 42 51 67 76 82
3 15 24 34 40 53 65 76 80
3 14 27 34 40 53 68 77 80
2 15 28 34 39 52 68 77 87
4 15 27 37 40 52 68 77 82
3 14 25 37 40 53 63 76 82
9 16 27 37 47 54 60 70 80
9 15 22 34 47 52 60 70 82
7 15 28 37 44 54 68 76 80
9 15 23 34 47 56 60 70 80
9 15 27 34 47 56 60 71 80
8 15 25 36 44 53 60 72 80
4 15 27 30 42 54 68 76 80
9 14 27 30 46 52 61 76 82
9 15 27 34 47 52 60 70 82
9 15 27 36 44 50 60 74 82
3 15 24 30 40 52 63 76 80
9 15 22 34 47 53 60 70 82
2 15 28 34 39 55 68 77 80
2 15 28 34 39 51 68 77 87
6 15 26 37 42 52 60 75 82
2 15 19 34 39 51 60 75 82
2 15 28 34 39 53 68 77 87
9 15 28 37 46 53 68 77 82
8 14 24 34 46 56 60 70 80
9 14 24 34 46 53 60 70 82
4 17 27 32 42 54 68 76 80
4 14 28 34 42 54 68 77 80
6 14 27 34 42 51 68 76 82
4 15 27 34 40 52 68 77 82
4 14 27 34 42 54 65 76 80
6 15 22 30 42 53 60 72 82
9 15 24 30 46 53 60 70 80
2 15 24 34 39 54 65 76 84
6 15 26 34 44 55 60 73 80
5 15 27 29 42 53 61 76 82
9 16 27 30 46 53 60 72 82
4 15 22 37 40 53 60 74 82
2 15 24 34 39 55 66 77 86
4 17 23 34 42 55 60 73 80
9 15 24 37 47 53 60 70 80
9 15 26 30 46 54 60 70 80
7 15 28 34 44 53 68 77 80
5 15 26 34 42 53 61 76 80
2 15 23 34 39 50 66 77 87
9 14 27 34 47 53 60 70 80
9 15 26 34 46 54 60 70 80
10 14 27 34 47 53 60 70 80
8 15 23 30 44 51 60 70 82
2 15 20 34 39 54 63 76 80
2 15 27 34 39 50 68 77 82
9 17 27 34 47 53 60 73 82
9 15 27 30 46 53 67 76 80
5 17 20 34 42 53 60 70 80
5 16 23 34 42 54 60 73 80
7 15 27 34 44 54 63 75 80
9 16 27 34 47 54 60 70 80
10 14 28 34 48 53 68 77 80
3 14 25 30 40 53 65 76 80
9 15 27 34 47 55 60 74 80
2 15 24 34 39 51 67 77 85
5 15 22 29 42 53 60 72 82
4 14 26 34 40 50 65 76 82
6 15 27 34 42 53 68 77 82
9 15 24 34 47 53 60 69 80
6 15 22 34 42 51 60 71 82
2 15 28 34 39 52 68 77 87
6 15 28 36 42 53 68 77 82
4 15 25 37 40 53 61 76 82
3 15 22 34 40 54 61 74 80
6 15 28 34 42 54 68 77 82
2 15 28 34 39 56 68 77 86
3 15 26 34 40 54 67 76 80
9 15 19 30 46 53 60 70 80
7 15 22 34 42 51 60 71 82
6 15 26 34 42 51 60 76 82
2 15 22 34 39 52 63 77 87
2 15 24 34 39 51 66 77 87
2 15 24 32 39 52 67 77 87
9 17 28 34 47 53 60 75 80
9 15 20 34 46 54 60 70 80
10 15 28 30 47 53 60 75 82
4 15 26 30 42 53 63 76 80
2 15 22 34 39 54 63 76 80
4 17 26 34 42 54 63 76 80
4 14 26 34 42 55 63 75 80
4 15 27 34 42 54 68 77 80
3 14 28 34 40 53 68 77 82
9 17 27 34 46 53 60 75 82
9 15 27 30 47 53 60 70 82
9 14 24 34 46 51 60 70 82
9 15 28 34 47 52 63 76 82
3 14 22 34 40 53 60 74 82
3 17 22 34 40 55 61 74 80
3 13 23 34 39 50 61 77 88
2 15 27 37 39 53 68 77 87
8 14 26 32 46 55 60 70 80
9 16 24 34 46 50 60 70 82
7 15 28 30 42 51 68 77 82
9 14 28 34 46 53 68 77 80
10 15 28 34 47 52 68 77 82
9 14 22 34 47 53 60 70 80
9 15 27 30 46 53 67 76 80
5 14 27 30 42 53 66 76 80
2 15 20 34 39 54 63 76 80
5 14 26 34 42 53 63 76 80
9 15 27 34 47 54 60 73 80
2 15 28 34 39 56 68 77 87
9 14 27 34 47 53 60 70 80
9 14 26 34 47 53 60 70 80
5 15 20 30 42 53 60 71 80
3 14 27 37 40 53 68 76 80
6 14 24 34 42 51 60 73 82
8 15 27 34 46 55 63 75 80
2 15 28 34 39 55 68 77 84
2 15 25 37 39 53 67 77 86
9 14 27 37 47 53 60 70 80
8 16 23 34 44 53 60 70 80
6 13 27 34 42 50 61 76 82
2 15 23 34 39 55 66 77 87
9 15 26 30 44 50 60 73 82
9 17 28 34 47 54 63 76 82
2 17 24 34 39 53 66 77 87
10 15 27 34 48 56 60 70 80
2 15 24 34 39 55 65 76 82
9 16 27 36 47 55 60 71 80
2 14 28 34 39 53 68 77 80
4 15 22 34 40 52 60 75 82
2 15 20 34 39 51 63 77 86
3 15 27 34 40 54 68 77 80
9 16 27 34 47 53 60 70 80
8 15 27 36 46 55 63 75 80
2 15 28 34 39 55 68 77 87
3 15 28 32 40 53 68 77 80
6 14 27 34 44 54 67 76 80
9 17 26 34 47 53 60 70 80
5 14 22 34 42 53 60 72 80
9 16 27 34 47 55 60 72 80
6 17 19 34 42 53 60 70 82
8 15 28 34 44 52 68 77 82
9 15 20 34 46 53 60 70 82
2 15 22 34 39 51 63 76 84
8 15 27 34 46 55 60 73 80
2 15 26 34 39 51 67 76 82
2 15 22 37 40 56 61 74 80
5 15 26 34 42 54 61 76 80
2 15 22 36 39 53 65 77 86
2 15 20 36 39 55 61 76 84
3 14 24 30 40 53 65 76 80
9 15 27 30 47 55 63 75 80
2 15 28 30 39 53 68 77 84
9 14 27 34 46 53 60 72 80
9 15 27 34 47 51 60 70 82
2 15 27 34 40 55 68 76 80
7 15 27 34 42 51 63 76 82
8 15 24 30 46 56 60 70 80
2 15 25 34 39 51 67 77 87
2 15 28 30 39 53 68 77 87
9 17 20 34 44 50 60 70 82
2 15 27 34 39 55 68 77 87
9 17 24 34 44 51 60 71 82
9 14 28 34 46 53 68 77 80
2 15 22 34 39 52 63 77 87
4 16 27 34 42 54 68 76 80
2 17 25 34 39 52 67 77 85
9 15 24 36 47 53 60 70 80
2 15 22 34 39 54 65 77 86
2 15 20 30 39 55 61 76 85
9 14 28 30 47 53 68 77 80
2 15 25 34 39 54 67 77 87
2 15 20 34 39 54 61 77 87
2 15 24 32 39 52 66 77 87
2 15 28 34 39 54 68 77 87
9 15 24 34 46 54 60 70 80
2 15 28 34 39 51 68 77 87
2 17 25 34 39 53 67 77 87
2 15 28 34 40 56 68 77 80
2 15 20 34 39 51 61 77 87
4 15 28 37 42 56 68 77 80
2 14 22 34 39 53 63 77 88
9 14 27 30 47 53 60 70 82
5 17 20 34 42 53 60 71 80
2 15 27 34 39 53 68 77 87
2 15 26 37 39 53 68 77 87
4 15 27 36 40 51 66 76 82
2 15 26 34 39 52 68 77 86
2 16 23 34 39 53 65 77 88
9 15 27 34 47 56 61 75 80
9 15 26 34 47 54 60 70 80
2 14 28 32 39 53 68 77 87
6 14 28 34 42 53 68 77 82
2 14 22 37 40 54 61 74 80
3 15 28 34 40 54 68 77 80
8 15 26 34 46 54 60 70 80
3 15 24 32 40 53 61 76 80
10 16 27 34 47 53 60 70 82
7 14 27 34 44 54 67 76 80
9 15 27 30 47 52 60 70 82
9 15 27 30 46 55 61 75 80
6 15 24 34 44 55 60 71 80
9 14 27 34 46 53 63 76 80
2 15 20 34 39 54 63 77 87
3 17 24 34 40 53 63 76 80
5 15 27 37 42 53 68 76 82
9 17 28 34 47 54 68 77 80
9 16 25 34 47 53 60 70 80
9 15 28 34 47 53 63 76 82
6 15 28 34 42 53 68 77 82
3 14 28 34 40 53 68 77 82
9 15 27 34 47 56 60 70 80
2 15 19 34 39 55 60 77 87
2 15 22 34 39 53 63 77 87
8 14 28 34 46 55 68 77 80
3 14 23 34 39 53 63 77 88
9 14 28 30 47 52 60 74 80
9 15 27 37 47 53 60 75 82
8 15 28 34 44 53 68 77 82
2 15 28 34 39 52 68 77 87
2 15 20 30 39 53 63 77 86
7 15 28 37 44 53 68 77 80
2 15 25 32 39 52 67 77 87
2 15 27 34 39 51 68 77 82
2 15 24 34 39 56 66 77 86
9 15 27 34 47 53 60 70 80
4 15 26 34 42 54 65 76 80
9 16 27 34 47 55 60 70 80
9 15 27 32 47 55 60 70 80
6 15 22 37 42 53 60 72 82
9 16 26 34 47 54 59 69 80
2 14 28 30 39 51 68 77 80
2 15 22 34 39 55 65 78 88
9 14 28 34 47 53 68 77 80
4 15 25 34 42 54 61 75 80
2 15 26 37 39 53 67 77 87
2 15 25 34 39 55 67 77 87
9 15 26 37 46 53 60 70 80
4 15 27 34 42 54 68 77 80
4 15 25 37 40 52 61 76 82
9 15 22 34 47 54 60 70 80
9 16 27 34 47 56 60 70 80
10 15 27 34 47 52 60 70 82
9 14 22 34 47 55 60 69 80
9 15 28 34 47 55 68 77 80
2 15 28 29 39 53 68 77 86
9 15 26 34 47 52 60 70 82
4 14 20 34 42 54 60 71 80
7 16 22 34 44 55 60 70 80
5 17 27 34 42 53 67 76 82
2 15 28 30 39 53 68 77 86
7 14 28 37 42 50 68 77 82
9 15 23 30 47 53 60 70 80
9 15 28 34 47 56 68 77 80
7 15 28 30 44 54 68 76 80
2 15 22 34 39 51 65 78 88
2 15 27 34 39 55 68 77 87
2 15 20 34 39 55 63 77 87
2 15 20 34 39 51 63 76 85
9 14 28 34 47 53 63 76 82
9 15 27 37 47 54 60 71 80
6 14 26 37 42 51 60 76 82
9 15 28 37 46 53 68 77 82
2 14 24 36 39 56 66 77 87
9 14 26 34 47 51 60 70 82
2 15 22 37 39 51 65 76 82
8 14 27 34 44 57 67 76 82
2 15 28 34 39 55 68 77 85
7 15 20 34 44 54 60 70 80
8 15 26 34 44 54 60 73 82
2 15 20 34 40 54 60 73 80
9 15 24 34 47 51 59 69 82
2 15 27 30 39 55 68 77 84
9 15 28 34 47 51 68 77 82
9 15 26 34 47 51 60 70 82
2 15 26 34 39 51 68 77 87
5 17 26 32 42 52 63 76 80
5 14 27 36 42 53 67 76 80
6 15 26 34 42 52 60 75 82
5 14 27 34 42 53 65 76 82
3 15 24 37 40 53 65 76 80
2 15 24 34 39 54 67 77 87
3 14 22 34 40 53 60 75 82
3 14 24 30 40 53 65 76 80
2 15 25 34 39 55 67 77 87
8 15 26 34 46 55 60 70 80
7 15 22 37 42 51 60 72 82
9 17 27 34 46 55 60 71 80
2 15 28 34 39 54 68 77 85
2 15 28 38 39 53 68 77 87
4 15 27 37 42 55 68 76 80
2 14 28 34 39 53 68 77 84
3 15 27 30 40 53 68 77 82
6 15 27 37 42 51 65 76 82
8 15 27 34 46 55 60 73 80
2 15 22 34 39 51 63 77 87
2 15 25 34 39 52 67 76 84
5 15 23 30 42 53 60 73 80
3 15 28 30 40 53 68 77 82
2 15 24 34 39 56 67 77 87
2 15 22 32 39 51 61 76 82
8 15 22 34 46 56 60 70 80
2 15 28 34 40 56 68 77 80
8 15 22 37 44 53 60 70 80
4 15 22 37 40 51 60 74 82
2 15 22 30 39 53 63 77 86
5 17 23 30 42 53 60 73 80
6 15 27 34 42 52 63 76 82
2 15 25 34 39 54 67 77 87
9 14 27 34 47 53 60 70 82
2 14 28 34 39 53 68 77 80
2 15 20 34 39 50 63 76 85
2 15 23 34 39 51 65 77 87
3 15 28 37 40 53 68 77 82
2 15 20 34 39 52 61 76 82
9 15 27 36 47 53 60 70 80
2 15 27 34 39 51 68 77 87
2 15 20 34 39 53 61 76 80
9 15 27 37 46 53 66 76 80
2 15 24 34 39 55 67 77 87
9 14 27 34 46 53 60 72 82
9 14 27 30 44 49 63 76 82
3 17 25 34 40 54 66 76 80
2 15 27 34 39 52 68 77 86
10 14 28 34 48 53 68 77 82
9 15 28 34 47 56 68 77 80
9 16 27 36 46 55 65 76 80
3 15 26 34 40 53 67 76 80
2 15 24 34 39 52 67 77 87
4 14 23 34 42 53 60 73 80
9 14 27 34 47 53 60 71 80
9 14 26 34 46 51 60 71 82
9 14 24 34 47 53 60 69 80
6 14 28 34 42 51 68 77 82
4 14 24 37 40 51 61 76 82
9 15 22 34 47 52 60 70 82
4 16 22 34 42 55 60 72 80
2 15 20 34 39 55 61 76 84
2 15 25 34 39 53 67 77 87
2 15 20 34 39 50 61 76 82
7 15 27 34 44 55 65 76 80
4 15 27 34 42 55 68 76 80
6 15 22 30 42 53 60 71 82
9 15 27 34 47 56 61 75 80
9 15 22 34 46 55 60 70 80
2 15 27 34 39 54 68 77 87
9 15 27 30 46 53 60 75 82
9 15 26 37 47 52 60 70 82
9 16 27 34 47 53 60 71 82
9 14 22 34 46 50 60 70 82
9 15 27 34 47 55 60 70 80
2 15 23 30 39 56 65 77 85
9 14 22 34 47 53 60 70 80
3 16 20 30 40 53 60 73 80
2 15 28 32 39 53 68 77 87
2 15 25 34 39 56 67 77 87
9 14 24 34 46 53 60 70 82
7 15 22 34 42 51 60 71 82
2 14 28 29 39 53 68 77 86
10 15 28 34 48 53 68 77 80
2 15 26 34 39 55 68 77 87
2 15 27 36 39 53 68 77 87
2 17 24 34 39 54 65 77 87
2 15 28 34 39 50 68 77 87
2 15 25 34 39 54 67 77 87
9 14 27 36 47 53 60 70 80
9 14 27 34 47 53 60 73 82
8 15 19 30 44 53 60 70 82
3 16 28 34 40 53 68 77 80
9 16 25 34 47 53 60 70 80
4 15 28 34 42 54 68 77 80
3 15 28 34 40 53 68 77 80
2 15 28 34 39 51 68 77 87
5 17 26 37 42 53 61 75 80
5 16 27 34 42 53 68 77 80
6 17 20 34 42 53 60 70 82
2 15 20 34 39 56 61 76 84
3 15 28 30 40 53 68 77 80
2 15 28 37 39 54 68 77 87
9 16 27 34 47 55 60 70 80
6 14 27 34 42 52 61 76 82
9 15 27 34 47 53 60 70 80
2 14 25 30 39 52 67 76 82
8 14 28 34 44 52 68 77 82
2 15 28 34 39 54 68 77 87
2 15 25 34 39 54 67 77 87
6 17 19 34 42 53 60 70 82
6 15 26 34 44 56 60 73 80
5 14 27 34 42 53 68 76 80
10 15 28 34 48 51 68 77 82
2 15 24 34 39 55 66 76 84
6 15 27 30 44 55 67 76 80
9 14 28 32 47 53 68 77 80
2 15 25 34 39 54 67 77 87
4 15 27 37 40 52 66 76 82
2 15 26 34 39 54 68 77 87
8 15 27 34 46 55 67 76 80
5 15 24 36 42 53 60 73 80
9 15 23 34 46 52 60 70 82
2 15 25 34 39 50 67 77 85
9 16 20 37 46 53 60 70 80
9 15 23 32 47 53 60 70 80
8 15 27 34 44 53 63 76 80
8 15 27 37 44 53 63 76 82
9 15 27 34 46 51 60 71 82
3 16 22 34 39 51 61 76 82
3 14 20 32 40 53 60 73 80
2 15 28 37 39 53 68 77 87
7 14 24 34 44 54 60 71 80
2 14 28 29 39 53 68 77 86
9 15 27 34 47 56 60 70 80
9 15 26 37 47 53 60 70 80
9 17 27 34 47 53 60 70 82
9 15 26 34 46 51 60 71 82
9 14 27 34 47 53 60 70 80
2 15 26 34 39 55 68 77 87
2 15 28 34 39 54 68 77 85
9 14 27 34 47 55 60 71 80
9 15 23 34 46 51 60 70 82
10 14 28 34 47 53 68 77 82
2 15 28 34 39 55 68 77 80
8 14 22 36 44 53 60 70 80
9 14 27 34 46 53 60 73 82
10 15 28 30 47 53 60 75 82
3 15 20 34 40 55 60 73 80
2 14 20 34 40 54 60 73 80
9 15 28 34 47 55 65 76 82
9 14 22 34 44 50 60 70 82
2 15 28 34 39 54 68 77 87
7 15 27 34 42 50 67 76 82
2 14 22 34 39 55 63 76 80
6 15 22 34 44 55 60 70 80
3 15 26 37 40 53 65 76 82
10 14 27 34 47 53 60 70 82
9 16 27 34 47 56 60 70 80
9 15 27 34 44 51 60 75 82
3 13 23 34 39 54 61 77 88
9 17 27 34 47 54 60 71 80
8 14 28 34 44 53 68 77 82
8 16 20 36 44 52 60 70 82
2 15 26 34 39 51 68 77 86
4 15 26 34 42 55 61 75 80
7 15 25 34 42 51 60 75 82
9 14 27 30 46 50 61 75 80
8 15 27 32 44 52 63 76 82
9 14 26 36 47 51 60 70 82
2 14 28 34 39 49 68 77 85
7 14 27 36 44 53 66 76 80
4 15 28 34 42 55 68 77 80
9 15 26 34 47 54 60 70 80
6 15 24 34 42 52 60 74 82
8 14 24 34 44 51 60 71 82
9 16 22 34 47 53 60 70 82
6 16 23 30 42 53 60 73 82
6 15 26 30 42 53 60 76 82
8 14 27 34 46 55 60 73 80
4 14 25 34 40 51 61 76 82
6 15 28 34 42 53 68 77 82
6 15 27 34 42 51 61 76 82
9 14 27 30 47 53 60 71 80
10 17 28 34 47 54 60 71 80
4 15 27 37 42 54 68 76 80
2 15 22 34 39 52 65 76 80
9 14 27 34 47 53 60 70 80
2 14 22 32 39 52 65 76 82
9 15 27 30 47 56 63 75 80
8 15 20 30 44 53 60 70 80
2 15 24 34 39 52 66 77 87
9 17 26 34 46 53 60 70 82
9 15 22 34 46 54 60 70 80
9 15 28 37 47 55 60 73 80
9 15 22 37 46 52 60 70 82
2 15 28 30 39 52 68 77 87
2 14 28 30 39 52 68 77 80
9 15 27 34 47 55 63 75 80
10 15 28 37 47 53 60 70 82
3 15 22 34 39 50 61 76 82
9 17 27 34 47 53 60 70 80
9 15 27 34 47 56 60 71 80
6 14 26 37 44 55 60 73 80
9 15 28 34 46 50 68 77 82
6 17 24 34 42 53 60 73 82
2 15 28 34 39 55 68 77 86
6 14 27 37 42 51 67 76 82
2 15 28 32 39 51 68 77 82
9 14 27 34 46 53 65 76 80
8 14 28 34 46 55 68 76 80
9 15 26 34 46 53 60 70 80
2 15 20 32 39 52 61 77 87
8 15 27 34 46 56 60 72 80
8 15 20 34 44 51 60 70 82
9 15 28 34 46 54 68 76 80
5 17 25 30 42 53 60 75 82
8 16 27 34 44 53 66 76 80
3 15 22 37 40 53 61 74 80
9 15 27 34 47 52 60 70 82
2 15 20 34 39 50 63 76 82
2 15 24 34 39 52 67 77 87
4 14 22 34 42 54 60 72 80
2 15 28 30 39 53 68 77 87
9 16 23 34 47 54 60 70 80
4 17 27 34 42 55 67 76 80
8 14 27 34 44 55 60 75 80
2 15 27 34 39 55 68 77 88
7 15 26 37 44 54 60 73 80
9 17 27 34 46 51 60 73 82
2 15 22 32 39 53 63 78 88
9 14 27 32 47 53 60 73 80
4 15 27 34 40 50 68 77 82
2 15 27 34 39 51 68 77 87
2 15 22 30 39 52 63 76 82
9 15 27 34 47 54 60 70 80
2 15 24 34 39 51 67 77 87
2 15 26 34 39 53 68 77 87
9 15 26 32 47 54 60 70 80
6 15 25 34 44 56 60 72 80
8 16 27 34 44 52 65 76 82
2 15 26 34 39 51 68 77 87
6 14 27 34 42 52 61 76 82
6 15 24 34 42 51 60 73 82
2 17 28 34 39 54 68 77 87
4 15 27 34 42 55 68 76 80
6 15 27 36 44 55 68 76 80
6 14 25 34 42 53 60 75 82
4 15 27 34 40 52 68 77 82
2 15 28 34 39 54 68 77 87
9 14 27 30 46 52 60 75 80
2 15 25 34 40 56 67 76 80
9 15 28 34 47 54 68 77 80
3 14 28 32 40 52 68 77 80
9 15 26 30 46 53 60 70 80
7 15 19 34 42 51 60 70 82
8 15 27 34 44 52 65 76 82
8 15 27 30 44 53 60 74 80
2 15 22 36 39 55 63 76 80
9 15 27 34 46 51 60 71 82
9 15 28 34 47 55 65 76 80
4 14 27 34 40 51 68 77 82
9 15 26 32 47 53 60 70 80
6 14 27 34 42 53 68 76 82
2 15 20 34 39 52 63 77 86
2 15 22 34 39 55 63 77 87
4 16 27 34 42 54 65 76 80
9 15 28 34 47 54 60 71 80
8 15 27 37 44 53 65 76 82
2 15 23 34 39 50 66 77 88
9 16 26 34 47 54 60 70 80
5 15 27 30 42 53 65 76 80
9 16 27 34 47 56 60 70 80
2 15 22 36 39 54 63 76 80
9 15 28 34 47 54 63 75 80
2 15 24 34 39 52 66 77 87
9 13 27 34 46 53 60 72 80
9 15 27 34 47 54 60 70 80
4 15 27 34 42 56 68 76 80
2 15 25 34 40 54 67 76 80
9 16 26 34 46 53 60 71 82
9 14 24 36 47 51 59 69 82
2 15 28 34 39 56 68 77 85
9 14 26 34 47 53 60 70 80
6 17 26 34 42 53 60 75 82
8 14 27 30 44 53 63 76 82
8 14 27 34 46 55 60 72 80
2 15 19 34 39 52 60 76 86
8 14 20 34 44 53 60 70 80
9 14 27 30 46 52 60 73 80
9 15 27 34 47 54 60 70 80
9 15 24 34 47 55 59 69 80
9 15 28 34 47 54 60 75 80
8 16 27 34 46 56 65 76 80
6 15 22 37 42 52 60 71 82
6 15 26 37 42 52 60 76 82
9 15 27 34 47 52 60 70 82
9 14 28 34 47 53 68 77 80
2 15 28 34 39 51 68 78 87
3 17 22 34 40 53 61 75 80
2 15 20 34 39 50 61 76 82
9 14 28 34 47 50 60 76 82
9 15 26 34 46 50 60 70 82
9 17 26 36 46 53 60 70 82
3 15 20 37 40 53 60 73 82
4 16 27 34 40 53 68 77 82
2 14 26 30 39 52 68 77 86
9 15 27 30 47 51 60 73 82
6 15 25 30 42 53 60 75 82
9 15 28 34 47 52 68 77 82
2 15 22 34 39 51 65 76 85
9 15 26 34 47 53 60 70 82
2 15 28 37 39 52 68 77 87
5 15 28 34 42 53 68 77 80
9 15 25 34 47 51 60 70 82
6 17 27 34 42 53 61 76 82
3 15 24 34 40 55 65 76 80
9 17 27 34 46 55 60 71 80
9 14 23 34 47 53 60 70 80
2 15 23 34 39 51 66 77 87
5 15 28 34 42 53 68 77 80
3 15 22 37 40 53 60 75 82
7 16 27 34 44 53 67 76 80
9 15 27 34 47 50 60 73 82
2 17 20 34 39 54 61 77 87
2 15 28 34 39 54 68 77 87
2 15 25 34 39 54 67 76 82
2 15 19 34 39 53 60 75 82
2 15 24 34 39 54 67 77 87
9 12 27 34 46 53 61 75 80
2 15 23 34 39 54 65 77 87
2 15 27 34 39 53 68 77 87
7 15 25 34 42 50 60 75 82
9 15 22 34 47 51 60 70 82
2 15 28 30 39 52 68 77 86
2 15 28 34 39 52 68 77 87
6 15 28 34 47 57 68 75 79
9 15 28 34 47 55 60 75 80
9 15 27 30 46 53 63 76 80
2 15 20 34 39 53 61 76 82
9 15 28 34 47 55 68 77 80
9 15 28 32 47 55 63 76 82
2 14 28 34 39 54 68 77 82
9 16 26 34 47 55 60 70 80
7 14 20 34 44 54 60 70 80
2 15 25 34 39 53 67 77 87
2 15 24 37 39 51 66 77 87
2 15 27 34 39 54 68 77 87
9 15 22 34 47 52 60 70 82
2 15 27 34 39 50 68 77 87
8 15 27 30 44 53 63 76 82
2 17 19 34 39 51 60 77 87
2 15 19 37 39 56 60 77 87
3 17 28 32 39 51 68 77 87
2 15 23 34 39 54 65 77 87
7 14 22 34 44 53 60 70 80
9 15 27 34 47 55 60 70 80
2 15 22 34 39 54 65 78 88
9 15 28 34 47 54 60 70 80
6 15 26 37 42 52 60 75 82
2 15 20 34 39 50 61 77 87
2 15 24 30 39 53 66 76 80
8 14 27 34 44 52 65 76 82
8 14 26 34 46 55 60 71 80
2 15 26 34 39 55 68 77 86
4 15 22 37 40 53 60 74 82
9 14 28 34 47 52 68 77 82
9 15 27 30 46 51 63 76 82
2 17 24 34 39 54 66 76 84
7 17 27 34 44 53 68 76 80
2 16 20 37 39 53 61 76 84
7 15 24 34 44 54 60 71 80
8 16 26 34 44 53 60 73 80
9 15 28 34 47 55 68 77 80
2 15 27 34 39 51 68 76 82
7 15 26 30 44 53 60 73 80
9 15 27 34 47 54 60 70 80
2 15 28 34 39 52 68 77 87
2 15 20 30 39 55 60 75 82
6 15 27 30 42 52 65 76 82
2 15 20 34 39 55 61 76 82
2 15 27 37 39 53 68 77 87
5 15 28 30 42 53 68 77 80
2 15 28 34 39 55 68 77 87
2 15 28 37 39 53 68 77 86
7 15 27 30 44 54 67 76 80
9 15 27 34 47 52 60 75 82
10 15 27 34 47 53 60 70 82
7 17 27 34 42 51 63 76 82
9 15 25 37 47 53 60 70 80
9 15 24 34 47 54 59 69 80
6 15 25 32 44 55 60 72 80
2 15 24 34 39 53 65 76 82
6 15 20 37 42 52 60 70 82
8 15 25 30 46 56 60 70 80
2 15 24 30 39 53 66 77 87
9 17 22 34 47 53 60 69 80
2 15 20 30 39 53 61 76 80
2 16 25 34 39 55 67 77 87
9 15 27 34 47 50 60 70 82
3 15 20 34 40 53 60 73 82
9 15 26 30 47 54 60 70 80
9 14 22 34 47 51 60 70 82
4 15 28 34 40 52 68 77 82
9 15 27 30 46 54 61 75 80
4 15 24 34 40 51 60 76 82
2 15 28 34 39 55 68 77 86
9 15 28 30 47 55 63 76 82
9 15 27 34 47 54 60 70 80
2 15 24 34 39 53 65 77 87
2 15 22 34 39 54 65 77 88
4 15 20 34 40 50 60 73 82
7 15 27 34 42 51 61 76 82
9 15 26 34 47 51 60 70 82
9 15 28 34 47 52 63 76 82
9 14 26 34 46 53 60 70 80
8 15 27 30 44 53 60 75 82
2 15 26 34 39 52 68 77 87
9 15 23 34 46 52 60 70 82
9 15 28 34 47 55 63 76 80
2 12 20 34 39 53 61 76 82
2 15 22 34 39 54 63 77 87
2 15 28 34 39 51 68 77 85
9 15 22 34 46 52 60 70 82
2 15 24 32 39 53 66 77 87
2 15 28 30 39 52 68 77 87
9 15 22 34 44 51 60 70 82
6 14 24 34 44 55 60 71 80
9 15 28 36 47 55 68 77 80
4 15 27 34 40 51 65 76 82
2 15 24 34 39 53 66 77 87
2 15 28 34 39 52 68 77 84
4 15 24 30 40 50 60 76 82
9 15 28 34 46 51 68 77 82
9 14 28 37 46 53 68 76 80
6 15 20 37 42 53 60 70 82
4 14 23 34 42 54 60 73 80
2 15 22 34 39 55 65 78 88
2 15 28 34 39 52 68 77 87
8 14 26 34 46 55 60 70 80
9 15 28 34 47 53 68 77 82
3 15 28 34 40 54 68 77 80
2 15 22 34 39 54 63 77 87
9 15 22 30 47 53 59 69 80
9 17 28 34 46 53 68 77 80
2 15 22 34 39 55 63 77 87
2 15 20 36 39 53 63 77 87
2 15 28 34 39 53 68 77 85
9 15 27 34 47 56 60 70 80
2 15 22 34 39 53 63 77 87
9 15 28 37 47 52 68 77 82
8 14 22 37 44 53 60 70 80
2 15 20 34 39 55 61 77 87
9 15 27 34 47 54 60 73 80
3 17 26 34 40 53 63 76 82
9 15 27 34 46 54 60 73 80
4 15 27 34 40 52 68 77 82
4 14 27 34 42 55 68 76 80
8 14 20 34 44 51 60 70 82
6 15 27 34 42 53 61 76 82
9 15 28 32 47 55 63 76 82
2 14 28 34 39 53 68 77 85
9 15 28 34 47 53 68 77 80
6 15 22 37 42 51 60 72 82
2 14 24 34 39 54 66 76 84
9 14 27 32 47 53 60 71 80
9 14 27 37 46 53 60 73 82
9 14 22 34 46 53 60 70 80
7 15 20 30 44 53 60 70 80
2 15 25 36 39 54 67 77 87
9 15 27 34 47 54 60 70 80
9 15 24 34 47 51 60 70 82
2 15 22 34 39 52 63 78 88
2 15 27 30 39 53 68 77 87
2 15 23 34 39 54 66 77 87
10 15 28 34 48 52 67 76 82
6 14 27 34 44 56 68 76 80
9 14 20 37 46 53 60 70 80
2 15 20 34 39 51 61 76 82
2 17 28 37 39 53 68 77 86
8 15 27 37 46 54 66 76 80
9 15 27 34 46 54 60 72 80
9 15 27 34 47 51 60 71 82
9 15 26 32 47 53 60 70 80
6 15 24 32 42 53 60 74 82
3 15 26 37 40 53 66 76 80
2 15 22 37 39 53 65 77 86
9 17 23 34 46 53 60 70 80
10 14 24 34 47 53 59 69 80
2 15 22 34 39 54 63 77 87
9 15 28 30 46 53 68 77 80
2 15 27 34 39 50 68 77 82
2 14 19 34 39 53 60 76 86
2 15 23 34 39 52 66 77 87
2 16 24 34 39 51 65 77 87
9 14 22 34 47 52 60 70 82
2 15 28 30 39 53 68 77 87
2 15 27 34 39 53 68 77 87
2 15 20 30 39 52 63 77 87
4 14 20 34 42 53 60 71 80
7 16 24 34 44 55 60 71 80
9 15 27 34 47 52 60 74 82
2 15 24 34 39 50 67 77 87
2 15 25 30 39 53 67 76 80
2 14 28 36 39 53 68 77 87
10 15 28 37 47 53 60 71 80
6 15 25 32 44 56 60 72 80
3 15 20 34 40 53 60 73 82
2 15 22 32 39 52 63 78 88
2 15 28 34 39 55 68 77 87
4 15 26 34 42 53 61 75 80
2 15 28 34 39 50 68 77 85
9 15 28 34 47 53 60 74 82
2 15 22 34 39 50 65 77 88
9 15 27 34 47 53 60 70 80
9 15 26 37 47 55 60 70 80
10 17 27 34 47 53 60 70 80
3 14 27 30 40 53 68 77 80
9 14 22 34 47 53 59 69 80
2 15 24 34 39 50 67 77 85
9 15 27 30 47 54 60 73 80
9 16 27 34 47 53 60 71 82
2 15 28 34 39 55 68 77 87
6 14 20 37 42 51 60 71 82
2 15 27 34 39 54 68 77 87
4 15 26 34 40 51 63 76 82
8 14 27 34 44 51 60 75 82
5 14 24 37 42 53 60 73 80
9 15 26 37 47 53 60 70 80
9 16 25 34 47 55 60 70 80
7 14 27 30 44 53 66 76 80
8 15 20 30 44 51 60 70 82
8 15 28 37 44 53 68 77 80
2 15 28 34 39 50 68 77 87
8 15 19 34 44 53 60 70 82
2 15 26 30 39 51 67 76 82
6 15 27 32 44 56 68 76 80
2 15 27 34 39 53 68 77 87
7 17 22 34 44 53 60 70 80
5 15 27 37 42 53 68 76 80
10 15 27 32 47 53 60 69 80
5 16 19 34 42 53 60 70 82
9 15 27 34 47 55 63 75 80
8 15 27 30 44 53 60 74 80
6 15 28 34 42 52 68 77 82
9 14 26 36 46 53 60 70 80
2 15 28 34 39 54 68 77 87
9 15 28 34 47 50 63 76 82
2 15 24 30 39 50 66 77 88
2 15 25 34 39 56 67 77 87
2 15 26 34 39 52 68 77 86
2 15 19 34 39 54 60 77 87
2 15 22 30 39 55 63 76 80
4 15 27 34 40 51 65 76 82
9 15 27 32 46 53 60 75 82
2 15 20 34 39 52 61 77 87
2 14 28 30 39 52 68 77 80
9 15 27 34 47 54 60 74 80
2 15 20 34 39 56 61 77 86
2 15 24 34 39 53 66 76 80
8 16 28 34 44 52 68 77 82
9 15 28 37 47 53 63 76 82
9 17 27 32 46 53 60 72 80
9 15 28 34 46 54 67 76 80
9 15 27 37 47 53 60 70 80
9 15 27 37 47 53 60 70 80
2 15 20 30 39 54 61 76 85
2 15 25 34 39 55 67 77 87
8 16 22 34 44 53 60 70 80
9 14 27 30 46 53 61 75 80
6 15 27 37 42 53 68 76 82
2 15 25 34 39 51 67 77 85
7 15 28 34 44 55 68 77 80
10 15 27 34 47 51 60 70 82
9 15 24 34 47 51 59 69 82
6 15 24 34 42 52 60 73 82
9 16 24 37 47 53 60 70 80
9 16 23 34 47 54 60 69 80
4 15 27 34 42 55 68 76 80
8 15 26 37 44 53 60 73 80
5 17 28 36 42 53 68 77 80
2 15 28 34 39 53 68 77 82
4 15 24 32 40 52 60 76 82
9 15 28 34 47 50 60 74 82
9 16 24 34 44 51 60 71 82
6 15 28 34 42 53 68 77 82
3 18 22 34 39 53 61 78 88
5 15 24 29 42 53 60 74 82
8 15 20 30 44 51 60 70 82
7 16 20 34 44 54 60 70 80
9 15 27 34 47 55 60 73 80
2 15 27 34 39 54 68 77 87
9 15 26 37 46 53 60 70 80
2 15 28 34 39 54 68 77 87
6 15 27 34 44 55 66 76 80
7 15 27 34 44 53 66 76 80
2 15 28 34 39 52 68 77 87
9 14 28 37 47 53 68 77 82
2 15 23 34 39 55 65 77 85
2 15 25 37 39 53 67 77 87
6 14 24 34 42 51 60 73 82
9 15 27 34 47 54 60 70 80
2 15 26 34 39 54 68 77 87
2 15 22 34 39 51 63 77 87
6 15 24 34 44 56 60 71 80
3 14 27 34 40 53 68 77 82
9 15 28 34 47 55 63 76 82
9 15 28 34 46 53 68 77 80
4 14 26 37 40 51 63 76 82
9 15 28 34 47 55 63 75 80
2 15 20 34 39 51 61 76 85
2 15 23 34 39 51 65 77 87
9 15 23 32 46 52 60 70 82
9 15 27 34 46 50 60 75 82
4 15 24 34 40 51 60 76 82
2 15 27 34 39 55 68 77 88
10 15 27 34 47 52 60 70 82
9 15 27 34 47 56 60 70 79
2 15 26 30 39 53 68 77 88
2 15 23 34 39 56 65 77 87
2 15 26 34 39 55 68 77 87
4 15 20 34 42 56 60 71 80
6 15 23 34 42 51 60 73 82
10 14 27 30 47 53 60 70 80
4 17 24 34 40 53 60 76 82
2 15 20 34 39 55 60 75 82
9 17 27 36 47 51 60 70 82
3 14 20 30 40 53 60 73 80
9 15 26 34 47 52 60 70 82
9 15 24 37 47 55 60 70 80
9 15 28 30 47 54 68 77 80
9 15 27 34 47 55 60 70 80
6 15 25 34 42 51 60 75 82
9 14 27 34 46 51 60 76 82
7 15 20 36 44 54 60 70 80
9 15 28 34 47 54 60 70 80
8 14 24 34 44 51 60 71 82
7 15 26 30 44 54 60 73 80
3 15 28 34 40 55 68 77 80
2 15 26 34 39 53 68 77 87
2 15 28 34 39 55 68 77 84
4 16 20 34 42 54 60 70 80
6 14 20 34 42 51 60 70 82
5 15 27 37 42 53 63 76 80
2 15 25 34 39 54 67 77 87
3 13 20 34 39 53 60 77 88
4 15 25 34 42 55 61 75 80
7 15 28 34 44 54 68 77 80
2 15 27 34 39 51 68 77 86
8 15 27 36 44 53 65 76 82
6 15 20 34 42 51 60 71 82
2 15 25 36 39 54 67 77 87
4 15 27 34 42 55 68 76 80
2 15 25 34 39 54 67 77 87
3 15 23 30 40 53 60 75 82
5 14 27 34 42 53 68 76 80
4 15 20 34 40 50 60 73 82
2 15 19 34 39 54 60 76 86
9 15 26 34 44 51 60 73 82
8 14 22 34 44 51 60 70 82
7 15 27 34 44 55 61 75 80
2 15 22 37 39 53 65 77 87
9 15 22 34 47 54 60 69 80
2 15 28 34 39 54 68 77 86
9 15 27 32 46 54 60 73 80
2 15 22 34 39 53 63 76 84
4 15 22 37 42 54 60 72 80
9 15 26 34 47 56 60 70 80
5 15 27 32 42 53 67 76 82
9 15 27 34 47 52 60 70 82
2 14 26 34 39 53 68 76 80
2 15 24 34 39 54 66 76 84
3 15 28 34 39 52 68 77 84
9 14 28 30 47 52 63 76 82
9 15 27 34 47 55 60 71 80
4 15 24 34 42 55 61 74 80
3 15 22 36 39 50 61 76 82
5 14 26 34 42 53 63 76 80
9 14 27 30 46 52 60 73 82
9 15 28 34 46 55 68 77 80
9 14 28 34 47 53 63 76 82
2 15 27 34 39 56 68 77 87
6 15 27 36 44 54 66 76 80
10 15 28 36 48 53 68 76 80
9 15 24 34 46 52 60 70 82
2 15 22 34 39 55 65 76 82
3 14 20 34 39 53 60 77 88
6 15 27 37 42 53 68 76 82
2 15 20 34 39 51 61 77 87
2 15 23 34 39 55 65 77 87
9 14 27 30 47 53 60 70 80
9 15 26 30 47 53 60 70 80
9 15 27 34 46 52 60 75 82
8 15 27 34 44 53 60 74 82
9 18 28 30 47 53 68 76 82
6 16 26 34 42 53 60 75 82
9 15 27 36 44 51 65 76 82
6 14 20 34 42 51 60 70 82
2 15 28 34 39 54 68 77 87
4 15 27 34 40 53 68 76 82
9 15 27 34 47 55 60 70 80
9 15 27 30 47 53 60 70 80
9 14 27 34 47 54 60 70 80
2 15 20 34 39 55 61 77 86
3 15 20 30 40 53 60 73 80
2 15 20 37 39 53 61 77 86
7 15 19 32 44 53 60 70 80
9 14 20 32 46 53 60 70 82
5 16 24 37 42 53 60 74 80
9 17 27 34 46 53 60 74 80
6 15 27 30 42 53 63 76 82
9 14 20 34 46 53 60 70 80
6 14 26 34 42 53 60 76 82
5 16 23 34 42 53 60 73 82
9 17 27 34 46 53 65 76 80
2 15 20 34 39 54 61 76 84
9 15 27 34 47 56 60 70 80
4 14 26 34 42 54 63 75 80
2 15 28 34 39 53 68 77 86
4 14 27 34 42 53 65 76 80
6 15 27 37 42 52 65 76 82
9 15 26 34 47 52 60 70 82
9 15 28 34 47 55 68 77 80
4 16 23 34 42 54 60 73 80
4 15 27 34 40 52 68 76 82
9 15 24 37 47 53 60 70 80
9 14 28 34 47 52 68 77 82
9 15 28 37 46 53 68 77 80
2 15 20 34 39 55 61 76 82
9 15 27 34 47 55 60 72 80
2 15 28 34 39 56 68 77 87
2 15 22 30 39 54 63 76 80
10 17 27 34 47 53 60 70 82
8 15 24 34 44 52 60 71 82
4 14 28 34 40 51 68 77 82
9 15 27 32 46 53 65 76 80
9 15 23 34 47 56 60 70 80
3 14 23 34 40 53 61 75 80
5 14 20 32 42 53 60 71 82
2 15 20 37 39 53 61 75 80
4 16 27 34 42 53 68 77 80
7 17 27 36 44 55 67 76 80
2 15 20 34 39 52 60 75 82
2 14 20 34 39 51 60 75 82
10 15 27 34 47 53 60 70 82
9 15 24 37 47 55 60 70 80
2 15 24 34 39 53 65 77 88
9 14 28 34 46 53 68 77 80
2 15 28 34 39 54 68 77 87
6 14 22 34 44 55 60 70 80
9 16 27 30 47 53 60 70 80
8 14 27 30 44 54 65 76 82
9 15 22 34 47 52 60 70 82
5 17 27 37 42 53 68 76 82
4 15 27 37 42 56 68 76 80
6 15 28 34 42 52 68 77 82
9 15 27 34 47 52 60 74 82
9 15 27 34 47 52 60 75 82
8 16 26 34 44 52 60 73 82
2 15 25 34 39 54 67 77 87
8 14 26 34 46 55 60 70 80
7 16 27 37 44 54 67 76 80
4 15 27 32 40 53 68 77 82
2 15 20 30 39 54 63 76 80
4 15 27 34 40 53 68 77 82
9 15 24 34 47 53 60 70 82
9 15 27 30 46 53 60 71 80
9 15 24 30 47 54 60 70 80
7 15 24 34 42 50 60 73 82
3 14 28 34 40 53 68 77 82
9 14 27 34 47 54 60 71 80
9 15 27 34 46 53 60 73 80
4 14 20 32 42 55 60 71 80
2 14 28 34 39 53 68 77 80
9 14 28 32 46 53 66 76 80
9 14 27 34 46 53 65 76 80
8 12 27 34 44 57 60 75 80
6 17 24 30 42 53 60 73 82
9 17 23 34 47 56 60 69 80
9 15 22 30 47 53 60 70 80
3 17 27 32 40 52 68 76 80
4 17 20 34 42 56 60 71 80
6 14 20 36 42 52 60 71 82
9 17 28 34 47 52 60 75 82
2 15 20 34 39 55 61 77 87
9 15 27 32 47 50 60 74 82
2 14 24 37 39 53 66 77 87
9 16 27 34 46 53 63 76 82
2 15 20 30 39 52 61 77 86
10 15 28 30 48 53 68 77 82
9 15 27 34 47 54 61 75 80
2 15 24 36 39 56 66 77 87
9 15 28 32 46 50 68 77 82
9 15 27 34 47 51 60 71 82
3 15 24 37 40 53 65 76 80
7 15 27 34 42 50 63 76 82
2 15 20 34 39 55 63 77 87
5 15 27 32 42 52 66 76 82
2 15 19 37 39 53 60 76 84
2 15 20 34 39 54 61 76 84
10 15 27 30 47 51 60 70 82
5 15 24 34 42 53 60 73 80
10 14 27 34 47 53 60 70 80
2 15 28 34 40 56 68 77 80
6 15 24 37 44 55 60 71 80
9 15 28 37 47 53 63 76 80
10 14 28 30 47 53 68 77 80
6 15 27 34 42 51 66 76 82
9 15 20 30 46 51 60 70 82
2 15 28 34 39 50 68 77 87
9 15 22 32 46 51 60 70 80
2 15 20 34 39 56 63 76 80
4 15 28 34 42 55 68 77 80
8 15 25 30 44 53 60 72 80
9 15 27 30 46 52 60 71 80
7 15 25 34 42 51 60 75 82
10 15 27 34 47 50 60 70 82
3 14 22 37 40 53 61 74 80
9 16 27 34 47 53 60 70 80
2 15 28 34 39 54 68 77 84
2 15 28 34 39 55 68 77 87
6 15 27 37 42 53 68 76 82
4 15 24 37 42 54 60 74 80
2 14 26 34 39 51 67 76 82
2 15 24 34 39 54 66 77 85
2 15 20 34 39 50 63 76 85
3 15 28 34 40 53 68 77 80
3 15 27 37 40 53 68 77 82
7 16 27 36 44 54 67 76 80
6 17 22 34 42 53 60 72 82
2 15 28 37 39 53 68 77 87
5 17 27 30 42 53 68 76 82
4 14 26 34 40 51 63 76 82
2 15 25 34 39 55 67 76 82
8 16 27 34 44 53 63 76 82
2 15 20 34 39 53 61 76 82
9 17 23 34 47 55 60 70 80
7 15 27 34 44 55 65 76 80
7 14 22 34 42 51 60 71 82
3 14 24 34 40 53 63 76 80
2 14 28 34 40 55 68 77 80
8 15 20 34 44 53 60 70 82
2 15 22 34 39 54 63 78 88
4 14 25 34 40 51 61 76 82
2 14 19 30 39 52 60 77 87
7 15 27 37 44 55 65 76 80
2 15 24 37 39 53 66 77 87
4 15 27 34 42 56 68 76 80
9 15 23 34 47 54 60 70 80
2 16 24 34 39 56 65 76 84
6 14 20 34 44 56 60 70 80
10 15 27 34 48 55 60 70 80
3 15 26 30 40 53 65 76 80
9 16 27 34 47 51 60 70 82
2 15 28 34 39 52 68 77 87
7 15 19 30 44 55 60 70 80
9 15 27 32 46 53 67 76 80
9 16 24 34 44 50 60 71 82
2 15 25 34 39 54 67 77 87
5 14 19 30 42 52 60 70 80
9 14 27 34 46 53 60 73 82
6 15 27 37 42 52 68 76 82
2 15 28 34 39 52 68 77 86
4 15 27 37 40 52 68 77 82
2 15 27 34 39 51 68 76 82
9 15 24 37 47 53 60 70 80
2 15 24 34 39 54 66 76 84
4 15 22 37 42 53 60 71 80
7 15 20 34 44 56 60 70 80
9 15 27 34 46 51 63 76 82
9 16 27 34 47 54 60 70 80
8 15 24 34 44 52 60 71 82
9 15 24 30 47 53 60 70 80
9 15 27 36 47 55 60 70 80
9 16 28 34 47 54 63 76 82
9 15 27 34 47 55 60 71 80
8 15 27 34 46 55 65 76 80
3 15 28 36 39 54 68 77 87
9 16 27 34 47 55 60 70 80
9 14 28 30 46 52 65 76 82
7 15 26 34 42 50 60 75 82
2 15 27 37 39 53 68 78 88
9 14 26 36 46 54 60 71 80
9 15 23 30 47 53 60 70 80
2 15 28 37 39 54 68 78 87
2 15 27 37 39 53 68 77 86
2 15 24 37 39 52 66 76 82
9 15 27 37 46 53 60 76 82
2 15 22 37 39 53 65 76 82
9 17 28 34 47 54 60 73 80
9 14 22 32 47 53 60 70 80
2 15 22 36 39 53 63 77 87
2 15 20 30 39 52 61 77 86
4 15 27 34 40 52 68 76 82
9 15 26 30 47 54 60 70 80
4 15 23 34 42 55 60 73 80
9 15 27 34 47 52 60 71 80
2 15 24 34 39 52 66 77 87
7 15 27 34 44 55 61 75 80
9 16 27 34 46 54 63 75 80
7 12 27 34 44 53 60 74 80
9 15 27 36 47 57 60 70 82
10 15 28 30 48 53 68 76 80
9 16 27 30 46 53 63 76 80
9 14 27 34 47 52 60 70 82
5 16 27 34 42 53 63 76 80
2 15 19 34 39 56 60 76 85
9 14 27 37 46 53 61 76 80
9 16 26 34 46 53 60 70 82
2 15 24 34 39 54 67 76 80
7 16 24 34 44 53 60 71 80
9 14 27 34 46 53 65 76 80
2 15 27 34 39 54 68 77 85
2 15 20 34 40 54 60 73 80
9 14 28 36 47 53 60 70 80
2 15 23 34 39 52 66 77 87
7 17 28 34 44 54 68 77 80
9 15 23 32 47 52 60 70 82
5 15 27 32 42 53 65 76 80
2 15 20 30 39 52 61 77 87
9 17 27 34 47 53 60 74 82
3 16 27 32 40 53 68 76 82
4 15 27 30 42 55 68 76 80
2 15 28 34 39 50 68 77 87
2 15 25 34 39 51 67 76 84
9 15 28 34 46 51 68 77 82
6 15 28 34 42 52 68 77 82
9 15 27 30 46 52 63 76 82
3 14 28 34 40 53 68 77 82
9 15 27 34 47 55 60 69 80
2 15 20 34 39 55 61 76 85
9 15 28 34 47 56 63 75 80
2 15 28 34 39 54 68 77 87
9 15 27 34 47 51 60 70 82
5 14 26 34 42 53 60 75 82
2 15 25 34 40 54 67 76 80
8 15 22 34 44 52 60 70 82
8 15 26 34 44 51 60 73 82
9 16 27 34 46 52 61 76 82
2 15 27 34 39 56 68 77 88
9 15 22 36 46 54 60 70 80
2 15 25 34 39 54 67 77 87
3 13 28 34 39 54 68 77 87
8 15 24 34 44 52 60 71 82
9 15 27 37 46 53 63 76 80
9 15 27 30 47 53 60 73 80
2 15 24 37 39 52 66 76 82
9 15 27 34 46 51 60 75 82
4 16 22 34 40 51 60 75 82
10 16 27 34 47 53 60 70 80
9 14 27 34 47 51 60 73 82
8 15 20 34 44 53 60 70 80
6 14 27 34 42 53 68 76 82
7 17 24 34 42 51 60 73 82
9 17 27 30 47 53 60 70 82
9 14 27 34 47 55 60 73 80
4 16 22 34 40 51 60 74 82
8 15 27 34 46 54 60 73 80
2 15 24 34 39 51 67 77 87
9 15 27 34 47 50 60 70 82
9 15 20 34 46 53 60 70 82
4 14 23 34 40 50 60 75 82
2 15 26 34 39 51 68 77 87
8 15 27 37 44 51 60 75 82
8 15 26 36 46 56 60 70 80
3 15 27 34 40 53 66 76 80
9 14 28 30 47 52 63 76 82
3 14 28 34 40 53 68 77 80
9 14 28 34 47 53 63 76 82
2 15 24 34 39 54 66 77 87
2 15 22 34 39 52 65 77 88
9 15 27 37 47 53 60 73 80
9 15 28 34 47 53 68 77 82
9 16 20 34 46 53 60 70 80
2 15 28 34 39 54 68 77 87
10 14 27 37 47 53 60 70 82
7 15 27 34 44 54 61 75 80
9 15 26 34 47 56 60 70 80
9 15 22 34 47 56 60 69 80
9 15 26 34 47 55 60 69 80
9 14 27 34 47 53 60 71 82
9 15 27 37 47 53 60 73 80
2 14 20 34 39 51 61 76 82
9 14 27 34 46 52 60 71 82
3 15 28 34 39 54 68 77 87
2 15 26 37 39 53 68 76 80
2 15 28 30 39 55 68 77 87
2 15 20 34 39 51 61 77 87
9 14 28 34 47 54 63 75 80
9 15 25 34 47 53 59 69 80
2 15 28 34 39 54 68 77 86
10 14 27 34 47 53 60 70 82
9 17 27 36 46 53 66 76 80
6 15 20 34 44 56 60 70 80
3 17 23 34 40 53 61 75 80
9 15 25 34 47 51 60 70 82
6 16 24 34 42 53 60 73 82
9 15 26 34 47 50 60 70 82
2 15 25 34 39 53 67 77 87
9 15 27 34 47 53 60 72 80
9 14 27 34 47 55 60 70 80
9 16 27 34 44 51 60 74 82
6 15 27 32 42 53 63 76 82
9 15 27 34 47 53 60 70 80
9 15 27 34 47 54 60 70 80
9 14 27 34 47 51 60 73 82
10 15 28 34 48 55 68 77 80
9 14 27 30 46 53 60 73 80
9 14 27 34 47 50 60 70 82
8 15 27 30 44 53 67 76 82
9 15 27 37 47 53 60 70 80
8 15 28 34 44 51 68 77 82
9 15 27 37 47 56 60 70 80
9 15 23 32 47 56 60 70 80
9 16 25 34 47 52 60 70 82
9 14 20 30 46 52 60 70 80
9 16 27 32 46 53 60 74 80
9 15 25 34 47 55 60 70 80
2 15 20 34 39 54 61 77 87
4 15 23 34 40 51 60 75 82
5 16 27 34 42 53 68 77 82
2 17 25 34 39 53 67 77 85
8 15 24 37 46 55 60 70 80
2 15 20 32 39 50 61 77 87
9 16 27 32 47 55 60 70 80
9 14 27 34 47 53 60 70 80
8 15 27 34 44 51 63 76 82
2 15 27 34 39 51 68 77 87
8 15 27 34 46 55 63 75 80
2 15 19 30 39 51 60 77 87
9 15 26 34 47 51 60 70 82
9 15 24 34 47 51 60 70 82
6 14 27 34 42 51 65 76 82
9 15 24 34 47 54 59 69 80
7 15 26 36 42 51 60 75 82
9 15 28 34 47 55 60 72 80
2 15 27 34 39 51 68 77 87
9 15 28 34 46 53 68 77 80
2 15 22 34 39 52 63 77 87
9 15 28 34 47 55 68 77 80
8 14 22 34 44 51 60 70 82
2 15 20 37 39 55 61 76 85
9 14 27 34 47 53 60 71 80
9 15 27 34 47 55 60 70 80
9 15 26 32 47 52 60 70 82
9 17 27 30 47 52 60 70 80
6 14 27 32 44 55 66 76 80
9 15 27 34 47 53 60 74 82
4 15 28 30 42 55 68 77 80
9 15 27 32 47 53 60 72 80
8 15 27 34 46 55 60 72 80
8 15 27 34 46 55 63 75 80
9 15 20 30 47 54 60 70 80
3 14 28 34 40 53 68 77 82
9 15 28 34 47 54 68 77 80
8 14 27 32 44 51 60 74 82
6 16 20 34 42 53 60 71 82
7 15 28 34 44 54 68 77 80
9 17 27 36 46 53 60 73 80
2 15 28 34 39 54 68 77 87
2 15 27 37 39 51 68 77 86
9 15 27 34 46 55 60 73 80
9 15 28 34 47 51 60 75 82
6 15 26 34 44 56 60 73 80
7 14 28 34 44 53 68 77 80
9 15 27 34 47 51 60 70 82
7 15 27 34 42 50 63 76 82
9 15 27 32 46 52 65 76 80
8 15 27 30 44 53 67 76 80
2 15 27 34 39 52 68 77 87
8 15 27 34 46 54 65 76 80
4 15 25 34 40 51 61 76 82
9 16 26 37 47 53 60 70 82
2 15 22 34 39 54 63 76 84
2 15 19 34 39 53 60 75 80
2 15 22 37 39 51 61 76 82
9 16 20 34 46 53 60 70 80
9 14 27 34 47 53 60 70 80
2 14 28 34 39 51 68 77 82
2 14 24 34 39 50 65 76 82
1 14 27 37 39 53 68 76 80
9 15 27 34 47 55 60 70 80
2 15 25 37 39 52 67 77 87
2 15 26 34 39 51 68 77 86
8 17 24 32 44 53 60 71 80
2 15 28 34 39 55 68 77 85
2 15 22 34 39 51 61 76 82
5 15 22 30 42 53 60 71 82
2 15 24 34 39 52 67 77 87
9 15 27 34 47 55 60 70 80
9 15 27 34 47 55 60 70 80
9 15 28 32 47 53 60 72 80
9 17 26 34 46 55 60 71 80
7 15 27 34 44 55 65 76 80
9 15 23 34 47 50 60 70 82
7 16 26 34 42 50 60 75 82
3 15 27 30 40 53 68 77 82
8 14 27 34 44 55 60 75 80
6 15 28 32 42 51 68 77 82
2 15 23 37 39 53 66 77 87
9 15 27 32 47 54 63 75 80
4 15 27 30 40 52 65 76 82
2 15 22 34 39 55 63 77 87
7 13 20 30 44 52 60 70 80
2 15 28 32 39 53 68 77 87
8 15 27 34 44 54 60 75 80
10 17 25 30 47 53 59 69 80
9 14 27 34 47 54 60 74 80
7 15 27 34 42 50 67 76 82
2 16 25 34 39 53 67 76 84
9 17 27 34 47 53 60 70 80
10 15 28 30 47 53 60 70 82
9 15 23 34 47 55 60 70 80
9 15 28 37 46 51 68 77 82
2 15 25 34 39 52 67 77 87
9 15 27 34 46 51 60 71 82
10 15 27 34 48 56 60 69 80
9 15 27 37 47 53 60 70 80
9 14 28 34 46 53 68 77 80
2 15 23 34 39 56 65 76 84
8 15 27 34 44 51 61 76 82
2 15 22 30 39 53 65 77 87
9 15 23 34 47 55 60 70 80
9 15 22 34 46 51 60 70 82
2 15 20 30 39 53 61 76 82
9 15 28 37 47 53 68 77 80
9 15 27 34 46 55 65 76 80
9 15 26 34 47 56 60 70 80
9 14 22 34 46 53 60 70 80
3 14 26 34 40 53 65 76 82
2 15 26 34 39 54 68 77 87
2 15 27 34 40 54 68 76 80
9 15 27 34 47 51 60 70 82
9 15 28 30 47 56 63 76 82
2 15 20 34 39 50 61 76 82
6 15 26 34 42 51 60 75 82
9 15 28 34 47 51 63 76 82
2 15 19 34 39 54 60 76 82
2 15 28 34 39 51 68 78 87
6 14 22 34 42 53 60 71 82
9 17 27 34 47 53 60 71 80
5 14 27 34 42 53 68 76 82
4 15 23 32 42 52 60 73 80
2 15 25 30 39 52 67 76 82
2 15 24 34 39 51 66 77 87
2 15 26 37 39 53 68 77 85
9 14 22 30 46 50 60 70 82
9 14 27 34 47 55 60 70 80
4 14 23 34 42 54 60 73 80
2 15 22 34 39 51 63 77 87
9 15 27 36 47 53 60 73 80
9 14 28 34 47 54 65 76 82
6 17 27 34 42 53 68 76 82
2 15 20 34 39 55 63 76 82
9 16 22 34 47 53 60 70 82
2 15 28 34 39 56 68 77 86
9 14 28 34 47 53 60 74 80
8 15 27 30 44 51 65 76 82
2 15 20 32 39 52 61 76 82
3 14 28 34 40 53 68 77 80
9 16 22 34 46 53 60 70 80
5 15 27 30 42 53 67 76 82
10 14 28 32 48 53 67 76 80
2 15 22 34 39 52 65 78 88
4 14 22 34 40 51 60 74 82
3 14 27 34 39 50 68 77 82
6 14 20 34 42 51 60 71 82
9 16 27 34 47 51 60 73 82
2 15 24 34 39 54 66 77 87
9 15 26 37 47 51 60 70 82
9 16 28 34 46 52 68 77 82
6 14 20 34 42 51 60 71 82
3 14 26 34 40 53 67 76 80
2 15 23 34 39 52 65 77 87
8 14 27 34 44 52 60 75 82
2 15 25 34 39 50 67 77 87
2 15 27 37 39 53 68 76 80
4 15 27 37 42 53 65 76 80
7 17 19 34 44 55 60 70 80
2 15 22 30 39 52 63 77 87
5 15 24 37 42 53 60 74 80
10 15 26 34 47 53 59 69 82
2 15 28 36 39 52 68 77 84
2 15 23 34 39 50 66 77 87
9 14 24 37 46 51 60 70 82
9 15 28 34 47 51 60 74 82
5 16 28 34 42 53 68 77 80
2 15 19 34 39 56 60 76 85
2 15 19 34 39 52 60 76 82
9 15 26 34 47 54 60 70 80
4 15 27 34 40 52 68 77 82
2 15 27 34 39 51 68 77 87
2 16 24 34 39 53 66 77 88
8 15 23 30 44 53 60 70 82
8 14 27 30 44 52 60 75 82
4 14 27 34 42 54 65 76 80
2 14 23 30 39 54 65 77 87
9 15 28 34 46 51 68 77 82
9 16 27 34 46 53 60 71 82
6 14 22 37 44 55 60 70 80
2 15 26 37 39 54 67 77 84
9 16 28 34 47 53 63 76 82
9 15 25 34 47 50 60 70 82
9 16 25 34 47 53 60 70 82
9 15 27 34 47 56 60 70 80
2 15 28 34 39 52 68 77 87
2 15 28 37 39 55 68 78 87
4 15 27 30 42 57 66 76 80
2 15 22 34 39 53 63 77 86
9 14 27 30 47 51 60 70 82
2 15 22 32 39 52 63 77 86
2 15 22 34 39 51 65 77 87
2 15 27 30 39 53 68 77 88
2 15 25 34 39 50 67 76 82
2 15 28 30 39 53 68 77 85
8 15 20 34 44 52 60 70 82
2 15 26 34 39 52 68 76 82
2 16 22 34 39 54 63 76 80
2 15 22 37 39 55 65 78 88
6 15 22 30 42 53 60 71 82
2 15 24 34 39 50 66 77 87
2 15 20 34 39 50 63 77 87
10 14 27 34 47 52 60 70 82
9 15 24 34 47 54 60 70 80
2 13 28 34 39 53 68 77 85
2 15 24 34 39 56 67 76 80
3 17 26 34 40 54 67 76 80
8 15 26 34 44 52 60 73 82
9 16 27 34 47 53 60 72 80
3 15 28 34 40 55 68 77 80
9 15 28 34 46 52 68 77 82
9 15 24 37 46 54 60 70 80
9 14 27 34 47 52 60 70 82
5 14 27 36 42 53 68 76 80
9 15 27 36 47 54 61 75 80
9 14 22 34 47 51 60 70 82
8 15 27 34 46 55 60 72 80
9 15 28 34 47 53 68 77 80
3 15 26 34 40 53 63 76 82
3 17 27 37 40 53 68 76 80
2 15 24 34 39 50 66 77 87
6 15 27 30 42 53 61 76 82
9 14 27 30 46 52 60 73 82
9 14 27 34 47 53 60 72 80
8 15 27 34 46 55 66 76 80
2 15 20 36 39 52 61 77 86
8 15 25 37 44 53 60 72 82
8 15 22 34 46 56 60 70 80
2 15 19 30 39 51 60 77 87
4 16 23 34 42 54 60 73 80
9 15 27 37 44 50 66 76 82
10 15 28 34 47 53 60 70 80
2 15 20 37 39 54 61 76 85
5 15 24 32 42 53 60 74 80
10 17 27 34 47 53 60 70 82
3 16 28 34 40 53 68 77 82
5 16 28 34 42 53 68 77 80
9 15 23 30 47 53 60 70 82
2 15 28 34 39 52 68 78 87
8 17 26 37 44 53 60 73 80
9 15 27 34 47 54 60 70 80
2 15 22 34 39 56 63 76 80
4 15 27 37 42 54 68 76 80
9 16 27 37 46 53 65 76 80
9 15 28 36 46 54 68 76 80
8 14 27 34 44 51 65 76 82
9 16 26 34 47 54 59 69 80
9 17 27 34 47 53 60 70 80
9 16 27 36 47 53 60 70 80
6 14 20 34 42 52 60 70 82
2 15 27 34 39 54 68 77 87
9 14 27 34 47 55 60 73 80
2 15 19 32 39 52 60 77 87
2 15 28 34 39 51 68 77 85
2 15 22 34 39 50 65 77 88
4 14 22 34 42 54 60 71 80
9 15 26 36 44 50 60 73 82
2 15 28 34 39 50 68 77 84
9 14 26 34 47 53 60 70 82
9 15 24 34 46 52 60 70 82
5 15 20 30 42 53 60 71 80
9 15 25 34 44 51 60 72 82
9 16 28 34 47 55 60 71 80
2 15 24 37 39 53 67 77 87
8 15 27 34 44 51 63 76 82
5 15 20 30 42 53 60 71 80
9 14 27 30 46 52 65 76 80
9 15 20 34 46 53 60 70 80
6 16 24 36 42 53 60 73 82
6 15 24 37 42 52 60 73 82
6 15 27 37 42 53 66 76 82
6 15 24 34 42 52 60 73 82
6 15 27 34 44 55 66 76 80
7 15 28 34 44 54 68 77 80
4 15 27 34 42 53 65 76 80
2 15 20 32 39 55 61 76 85
2 16 28 30 39 53 68 77 87
2 17 28 38 39 53 68 77 87
2 17 24 34 39 53 66 76 82
3 14 28 34 39 54 68 77 87
2 15 20 34 39 54 61 76 82
2 15 20 34 39 50 61 76 84
9 15 28 34 47 55 60 72 80
9 15 23 32 46 53 60 70 82
9 16 25 30 46 53 60 70 82
3 15 28 34 40 52 68 77 82
3 14 28 34 39 54 68 77 87
9 15 28 34 46 53 68 76 80
8 14 26 34 46 54 60 71 80
9 15 27 34 47 51 60 70 82
2 15 28 37 39 53 68 78 87
9 14 22 30 47 53 60 70 80
9 15 24 34 44 50 60 71 82
3 17 28 34 40 53 68 77 82
2 16 25 34 39 54 67 76 84
2 15 20 38 39 53 61 77 87
6 15 27 36 44 56 63 75 80
2 15 25 37 39 53 67 77 87
4 15 27 34 42 54 68 76 80
9 14 27 34 46 53 60 71 80
9 15 27 37 46 55 63 75 80
9 16 24 34 47 54 60 69 80
9 16 27 34 47 53 60 73 82
9 15 27 37 46 54 63 75 80
8 17 27 34 44 53 61 76 80
6 14 28 34 42 51 68 77 82
2 15 28 34 39 53 68 77 84
9 14 28 34 47 53 63 76 82
6 15 27 32 42 52 67 76 82
7 15 27 34 44 55 60 74 80
8 15 27 34 44 52 66 76 82
7 15 28 34 44 54 68 77 80
8 16 27 34 44 53 66 76 82
9 15 27 34 47 51 60 71 82
5 15 27 30 42 53 68 76 80
4 15 27 37 40 52 66 76 82
2 16 22 34 39 50 63 78 88
7 17 20 34 42 51 60 70 82
7 15 24 30 44 54 60 71 80
9 15 27 34 47 54 60 70 80
3 15 27 34 40 55 68 76 80
2 15 25 34 39 54 67 77 87
2 15 28 36 39 53 68 77 87
7 15 27 34 42 51 63 76 82
3 15 26 37 40 53 66 76 80
9 14 27 34 47 53 60 73 80
8 15 27 30 44 53 65 76 80
3 15 22 34 40 54 61 74 80
9 16 24 34 46 53 60 70 82
3 15 26 34 40 54 67 76 80
5 15 22 30 42 53 60 71 82
2 15 25 34 39 55 67 77 87
3 14 22 34 40 53 61 74 80
9 15 27 34 47 55 60 73 80
8 15 27 30 44 53 65 76 80
2 15 24 34 39 51 65 76 82
9 15 27 34 47 52 60 70 82
8 14 24 34 44 51 60 71 82
5 15 23 37 42 53 60 73 82
9 15 27 34 47 52 60 70 80
9 17 26 34 47 53 60 70 80
2 15 22 34 39 55 65 76 80
5 14 22 30 42 52 60 72 80
9 16 27 34 47 55 60 73 80
2 15 22 34 39 54 63 76 82
6 15 27 30 42 51 63 76 82
9 16 27 34 47 53 60 72 80
6 14 27 34 42 51 66 76 82
2 15 28 34 39 52 68 77 87
9 16 27 34 47 53 60 70 80
2 15 25 34 39 54 67 77 87
9 14 28 34 46 53 68 77 80
8 15 27 29 44 53 60 74 80
9 15 27 30 46 52 60 71 82
2 15 27 34 39 52 68 77 87
6 14 27 32 42 51 66 76 82
7 16 26 34 42 51 60 75 82
9 15 28 34 47 54 68 77 80
2 15 20 34 39 50 61 76 85
9 14 27 34 47 53 60 73 80
3 15 25 34 40 55 66 76 80
3 14 26 34 40 53 67 76 80
2 15 22 34 39 49 65 76 82
2 15 20 34 39 55 63 77 87
4 15 22 34 42 55 60 71 80
2 12 25 34 39 53 67 76 82
9 14 25 30 47 53 59 69 80
2 15 27 34 39 52 68 77 87
9 15 27 34 47 51 60 73 82
2 14 22 34 40 55 61 74 80
3 14 23 34 40 53 61 75 80
6 14 27 30 44 55 68 76 80
9 14 27 34 46 54 66 76 80
4 15 27 34 40 53 68 77 82
9 14 28 30 46 53 68 77 82
2 15 20 30 39 54 61 77 87
5 15 27 37 42 53 68 76 80
8 15 22 34 44 51 60 70 82
9 15 27 34 47 55 60 70 80
9 14 27 34 46 52 60 76 82
7 17 28 34 44 54 68 77 80
8 14 27 34 46 55 60 72 80
2 15 28 34 39 50 68 77 87
9 15 23 34 46 54 60 70 80
7 15 25 32 44 53 60 72 80
2 15 23 37 39 55 65 76 80
2 15 27 34 39 51 68 77 82
6 15 20 34 42 53 60 70 82
9 16 27 32 47 53 60 70 80
9 15 27 37 47 53 60 70 80
4 17 23 34 42 55 60 73 80
7 15 20 37 44 55 60 70 80
9 15 27 34 47 55 60 70 80
9 16 24 34 47 55 60 70 80
2 15 20 32 39 55 60 75 82
4 15 19 34 40 52 60 72 82
8 15 27 37 44 53 67 76 82
8 14 22 34 46 55 60 70 80
2 15 22 34 39 55 63 77 87
2 15 27 34 39 50 68 77 86
2 15 26 37 39 51 67 76 82
9 15 28 34 47 55 63 76 82
6 14 20 36 42 52 60 71 82
9 16 27 34 47 53 60 73 82
9 15 28 34 47 55 68 77 80
2 15 20 34 39 50 61 77 87
4 15 20 34 42 55 60 71 80
2 15 24 34 39 51 67 77 87
9 14 27 34 47 54 60 71 80
7 14 25 37 44 54 60 72 80
7 15 28 34 44 55 68 77 80
2 15 28 34 39 55 68 77 87
2 15 22 37 39 53 65 76 80
2 15 28 30 39 53 68 77 86
6 15 27 29 44 55 66 76 80
4 14 28 34 42 53 68 77 80
7 15 26 34 42 51 60 76 82
8 16 27 34 44 51 65 76 82
4 15 27 34 42 56 68 76 80
9 15 28 34 47 51 68 77 82
5 15 27 30 42 53 68 76 82
2 15 24 34 39 54 66 77 86
9 15 24 37 44 50 60 71 82
2 14 26 30 39 52 68 77 86
2 17 24 34 39 53 65 77 88
4 15 27 37 42 56 68 76 80
3 15 24 34 40 53 65 76 80
2 15 28 34 39 54 68 77 87
9 15 27 37 47 53 60 70 80
2 12 20 34 39 53 61 76 82
9 15 28 36 47 56 65 76 82
2 15 23 34 39 55 65 77 88
9 14 27 34 47 55 60 70 80
8 15 20 34 44 51 60 70 82
2 15 28 34 39 54 68 77 87
9 15 27 34 47 50 60 71 82
10 17 27 34 47 53 60 70 80
2 15 20 34 39 51 63 77 87
10 14 28 30 47 53 68 77 80
9 17 27 34 47 51 60 70 82
6 15 27 37 42 51 67 76 82
2 15 22 37 39 53 65 78 88
2 15 22 34 39 55 63 76 80
10 14 28 37 48 53 68 77 82
7 15 20 34 44 53 60 70 80
6 15 28 34 42 53 68 77 82
2 15 28 36 39 55 68 77 87
2 15 28 34 39 55 68 77 85
9 16 27 34 47 54 60 74 80
9 16 26 34 47 53 60 70 80
8 15 27 30 44 53 60 74 82
9 15 24 34 46 51 60 70 82
2 15 27 34 39 53 68 77 87
3 15 20 36 40 53 60 73 80
2 14 22 34 39 53 63 77 86
9 14 25 34 47 53 60 70 80
9 17 24 34 44 51 60 71 82
9 15 28 36 47 54 63 75 80
2 15 27 34 39 51 68 77 87
7 17 27 34 44 54 66 76 80
2 15 28 32 39 50 68 77 87
9 14 28 36 46 53 68 77 80
9 14 27 34 47 52 60 73 82
2 14 28 32 39 52 68 77 87
9 14 24 34 47 52 60 70 82
9 14 27 34 46 53 66 76 80
7 15 27 30 44 53 67 76 80
9 17 23 30 46 53 60 70 80
3 15 26 32 40 53 65 76 82
9 17 23 37 47 53 60 70 80
8 15 20 36 44 53 60 70 82
7 15 20 34 44 54 60 70 80
4 15 27 37 40 53 66 76 82
2 15 22 30 39 53 65 77 87
7 15 23 34 44 55 60 70 80
10 15 28 34 48 53 68 77 80
9 15 27 34 47 55 60 71 80
9 14 22 34 47 53 60 70 80
9 14 27 34 47 53 60 70 80
8 15 26 34 46 54 60 71 80
9 15 27 30 47 52 60 71 82
2 15 28 34 39 53 68 78 87
2 15 26 34 39 51 68 77 87
2 15 23 34 39 53 65 77 87
4 15 20 34 42 55 60 70 80
2 15 22 30 39 53 63 77 87
2 15 28 34 39 53 68 77 87
5 15 22 29 42 53 60 72 82
9 15 27 36 46 54 60 71 80
2 15 22 37 39 53 63 77 87
2 15 24 34 39 52 65 76 82
3 16 28 30 39 53 68 77 84
2 15 28 34 39 55 68 77 87
2 17 28 34 39 55 68 77 87
8 14 26 34 44 53 60 73 82
3 15 25 34 40 54 63 76 82
2 15 20 34 39 53 63 76 82
9 15 27 37 47 54 60 70 80
4 15 28 37 42 55 68 77 80
3 15 27 34 39 50 68 76 82
2 15 27 34 39 54 68 77 87
2 15 19 34 39 52 60 77 87
9 16 27 37 47 53 60 70 80
6 15 27 36 42 53 67 76 82
2 15 23 34 39 54 65 77 87
2 17 25 34 39 53 67 77 87
9 15 27 34 47 55 60 71 80
9 16 28 30 47 53 68 77 82
9 15 27 34 47 55 60 71 80
9 17 27 34 47 54 60 70 80
9 15 27 30 46 52 65 76 80
2 15 20 34 39 53 61 77 86
7 14 22 34 44 53 60 70 80
3 15 26 37 40 53 65 76 82
8 14 26 34 46 55 60 71 80
9 15 23 34 47 55 60 70 80
5 17 24 37 42 53 60 73 82
6 15 26 34 42 51 60 75 82
9 17 27 34 47 54 60 70 80
6 15 27 34 42 53 63 76 82
2 15 27 34 39 52 68 77 87
9 17 20 37 46 55 60 70 80
9 15 27 34 46 54 60 72 80
4 15 27 37 40 53 68 77 82
2 15 22 34 39 54 63 78 88
9 14 26 34 47 51 60 70 82
5 14 22 34 42 53 60 72 82
2 15 27 34 39 51 68 77 86
9 16 28 34 47 54 68 77 80
8 15 27 34 44 52 60 75 82
3 17 27 34 40 53 68 76 82
9 15 28 34 47 54 63 76 82
9 15 27 34 47 55 60 70 80
2 15 28 30 39 53 68 77 87
9 15 23 34 47 53 60 70 82
5 14 26 34 42 53 61 76 82
2 15 28 34 39 52 68 77 87
9 15 23 34 47 50 60 70 82
3 14 28 36 39 53 68 77 87
2 15 19 34 39 52 60 77 87
8 15 26 34 46 56 60 70 80
2 15 27 37 39 52 68 76 82
2 15 27 36 39 53 68 77 84
9 14 27 29 46 52 63 76 80
2 15 27 34 39 53 68 77 87
2 15 24 34 39 52 67 77 86
9 14 28 34 47 54 68 77 80
9 16 27 34 47 55 60 73 80
9 15 27 34 47 55 60 70 80
9 16 27 34 46 55 60 71 80
2 15 28 36 39 51 68 77 87
9 14 27 34 47 56 60 70 80
9 15 20 30 46 53 60 70 80
9 15 22 37 46 51 60 70 82
3 16 28 34 39 53 68 77 84
8 15 22 34 44 53 60 70 80
9 15 28 36 47 54 65 76 82
3 14 20 36 40 53 60 73 82
5 14 20 30 42 53 60 71 80
9 17 24 34 46 55 60 70 80
2 14 24 34 39 53 67 76 80
9 15 22 34 47 53 59 69 80
9 14 27 30 46 52 63 75 80
9 14 27 34 47 51 60 71 82
10 15 27 30 47 52 60 70 82
2 15 28 34 39 52 68 78 87
9 14 28 34 47 53 68 77 80
3 15 25 34 40 54 66 76 80
9 15 27 37 46 53 61 76 82
2 15 28 30 39 52 68 77 87
9 15 27 30 46 53 60 74 80
9 15 27 32 46 53 61 75 80
9 14 27 34 47 53 60 72 80
1 14 27 34 39 53 68 76 80
9 15 28 32 47 52 60 73 82
2 15 23 34 39 55 66 77 87
9 14 27 37 47 53 60 74 80
2 15 28 34 39 52 68 77 87
9 14 27 32 47 53 60 70 80
10 14 27 37 47 53 60 70 80
9 15 27 34 46 53 60 76 82
7 15 28 30 44 53 68 76 80
8 14 26 34 46 55 60 70 80
4 15 27 34 40 51 66 76 82
7 15 27 34 44 55 67 76 80
4 15 27 34 42 55 67 76 80
9 15 22 34 44 51 60 70 82
9 16 28 32 46 53 66 76 80
3 14 24 37 40 53 63 76 80
8 15 27 37 44 52 61 76 82
2 15 28 30 39 53 68 77 80
7 15 27 34 44 54 63 76 80
3 16 28 34 40 53 68 77 80
2 15 28 34 39 50 68 77 87
9 14 22 34 46 53 60 70 80
4 16 28 37 42 55 68 77 80
2 15 20 32 39 53 63 77 87
9 14 27 34 47 52 60 70 82
2 15 23 34 39 53 66 77 87
4 14 28 34 42 53 68 77 80
2 14 27 34 39 54 68 77 84
9 15 27 34 47 55 60 72 80
2 15 23 34 39 52 66 77 87
2 15 28 34 39 54 68 77 87
5 15 25 34 42 53 60 75 82
9 15 27 34 46 52 60 76 82
8 15 27 37 44 53 60 74 82
2 15 28 34 39 55 68 77 85
3 15 26 30 40 53 65 76 82
2 15 27 34 39 53 68 77 85
9 15 27 34 46 54 65 76 80
8 14 27 34 44 53 68 76 80
4 15 27 34 42 56 68 76 80
9 15 28 34 46 50 68 77 82
9 16 26 34 47 53 60 70 82
2 15 20 34 39 52 61 77 87
6 14 27 32 42 53 68 76 82
3 15 22 37 40 53 60 74 82
2 15 19 30 39 53 60 76 86
9 14 27 34 47 53 60 73 80
9 15 26 30 47 52 60 70 82
9 15 27 34 44 51 60 76 82
2 15 25 37 39 53 67 77 87
9 15 27 34 47 51 60 74 82
6 15 22 32 42 53 60 72 82
2 15 24 34 39 52 65 76 84
8 14 25 34 44 53 60 72 82
2 15 22 34 39 50 63 77 87
2 14 24 34 40 54 65 76 80
2 14 22 34 39 50 61 76 82
9 16 27 37 46 53 60 73 82
2 15 22 32 39 56 63 76 80
7 15 27 34 44 54 68 76 80
9 14 27 34 47 54 60 71 80
2 15 28 34 39 54 68 77 87
9 15 27 34 47 56 60 73 80
2 15 28 36 39 54 68 77 87
4 15 26 34 42 56 65 76 80
8 15 28 36 44 51 68 76 82
4 15 26 34 40 51 65 76 82
2 15 28 37 39 52 68 77 82
10 14 28 34 47 53 68 77 80
4 15 19 34 40 52 60 72 82
9 15 27 34 47 50 60 70 82
7 15 27 37 44 54 67 76 80
2 15 26 37 39 53 68 77 87
2 14 20 34 40 54 61 73 80
9 16 27 34 47 53 60 70 80
4 16 27 34 42 55 67 76 80
4 17 26 34 42 55 61 75 80
2 15 23 34 39 54 66 77 87
9 14 28 34 46 53 68 77 80
4 15 27 37 42 54 66 76 80
4 16 23 34 42 52 60 73 80
6 16 27 34 42 53 66 76 82
9 15 27 37 47 53 61 75 80
2 15 27 32 39 54 68 77 84
2 15 23 34 39 55 65 77 87
7 15 28 32 44 53 68 76 80
2 15 19 37 39 55 60 77 87
3 15 27 30 40 53 68 76 80
10 14 24 34 47 53 59 69 80
2 15 20 34 39 53 61 77 87
2 15 28 34 39 55 68 77 85
2 15 28 38 39 53 68 77 87
2 15 20 36 39 55 61 77 87
2 15 20 37 39 51 63 77 86
9 15 27 34 46 53 63 76 82
9 15 28 34 47 56 65 76 82
2 15 23 34 39 51 66 77 87
9 16 27 34 47 54 60 70 80
2 15 19 34 39 55 60 75 80
9 14 26 37 47 53 59 69 80
7 15 24 32 44 54 60 71 80
2 14 24 34 39 52 66 77 87
9 15 27 34 47 51 60 71 82
3 15 20 32 39 50 60 76 82
2 15 27 34 39 51 68 77 87
2 15 22 34 39 51 63 77 87
3 15 27 34 40 53 68 76 80
4 14 27 30 40 52 68 77 82
9 14 24 34 46 52 60 70 82
8 15 20 34 46 56 60 70 80
9 14 20 34 46 53 60 70 80
2 15 28 32 39 53 68 77 87
9 15 20 37 46 53 60 70 80
3 14 27 34 40 53 68 77 80
2 15 28 34 39 52 68 77 87
2 16 24 34 39 53 65 77 88
6 14 20 34 42 51 60 71 82
4 15 20 30 42 53 60 71 80
9 15 22 34 46 54 60 70 80
2 15 28 34 39 54 68 77 84
9 16 27 34 47 53 60 71 82
2 15 23 34 39 55 65 77 87
9 15 26 34 46 55 60 70 80
2 15 24 34 39 54 66 77 87
2 15 24 36 39 52 66 77 87
6 14 26 32 42 53 60 75 82
6 15 27 34 42 50 66 76 82
9 14 27 34 47 52 60 70 82
2 15 20 37 39 51 61 77 87
7 15 27 34 44 55 61 75 80
9 14 22 30 46 49 60 70 82
6 15 27 34 42 52 63 76 82
9 15 27 34 46 54 60 73 80
9 15 26 37 46 54 60 70 80
2 15 27 34 39 54 68 77 84
4 14 20 34 42 54 60 71 80
4 16 27 36 40 52 66 76 82
9 14 26 34 47 52 60 70 82
8 15 27 36 44 53 67 76 82
9 15 28 34 47 52 68 77 82
9 15 27 34 47 50 60 70 82
9 15 26 34 47 54 60 70 80
6 15 27 37 42 51 67 76 82
9 17 27 36 46 52 60 73 82
7 15 26 34 44 55 60 73 80
9 16 27 34 46 52 63 76 82
4 15 27 34 42 55 68 76 80
9 15 28 37 47 54 68 76 80
9 15 24 34 46 54 60 70 80
9 16 24 34 47 55 60 70 80
9 16 26 34 46 54 60 71 80
9 14 27 34 46 53 63 76 80
7 14 28 34 44 53 68 77 80
7 15 24 34 44 54 60 71 80
9 14 28 34 46 50 68 77 82
2 15 28 34 39 55 68 77 87
3 14 24 34 40 53 61 76 82
7 16 24 34 44 55 60 71 80
4 17 22 34 42 55 60 72 80
2 15 22 32 39 55 63 78 88
2 17 22 34 39 53 63 78 88
9 15 27 34 47 52 60 70 82
9 14 28 34 47 52 65 76 82
4 15 20 34 42 55 60 71 80
9 15 27 37 44 50 66 76 82
9 14 27 34 47 53 60 70 80
7 15 27 34 44 55 60 74 80
2 15 24 34 39 55 66 77 86
9 14 27 34 47 54 60 71 80
9 14 26 34 47 53 59 69 80
2 15 27 34 39 53 68 77 87
9 17 28 34 47 56 60 70 80
9 15 27 34 47 51 60 70 82
3 15 22 37 40 53 60 74 82
2 15 23 34 39 54 65 77 87
2 15 23 34 39 51 66 77 88
9 15 28 34 47 54 60 71 80
3 15 28 34 40 55 68 77 80
7 14 22 36 44 54 60 70 80
9 14 27 34 46 50 60 76 82
9 15 28 34 46 55 68 77 80
2 15 28 29 39 53 68 77 86
2 15 28 34 39 56 68 77 87
3 15 26 37 40 53 65 76 82
9 14 27 37 47 54 60 70 80
7 16 27 34 44 55 65 76 80
9 14 27 34 44 50 65 76 82
2 14 20 30 39 52 63 77 87
9 15 22 30 47 51 60 70 82
6 15 26 34 42 52 60 76 82
9 15 27 34 47 55 61 75 80
9 15 26 37 47 53 60 70 80
2 15 28 34 39 52 68 77 84
9 14 27 30 47 50 60 70 82
9 15 24 37 46 53 60 70 80
2 15 25 34 39 54 67 76 80
3 16 28 34 40 54 68 77 80
2 15 28 32 39 53 68 77 86
7 15 27 34 42 51 66 76 82
2 15 26 34 40 54 67 76 80
2 15 28 34 39 50 68 77 87
9 14 24 34 47 53 60 70 80
3 14 20 34 40 53 60 73 80
4 16 28 37 42 54 68 77 80
9 14 28 30 46 53 65 76 80
9 15 27 34 47 54 60 70 80
2 15 28 34 39 54 68 77 84
6 15 27 37 42 53 67 76 82
9 15 27 34 47 52 60 70 82
9 15 25 34 47 51 60 70 82
9 15 27 34 46 52 60 73 82
9 14 26 34 47 53 60 70 80
6 14 22 36 42 51 60 72 82
9 15 27 34 47 55 60 70 80
9 14 23 34 47 52 59 69 82
2 15 20 30 39 54 63 76 80
2 15 22 30 39 51 65 77 87
9 17 27 34 47 54 60 71 80
9 14 26 30 47 52 60 70 80
9 15 22 34 46 52 60 70 80
5 14 28 34 42 53 68 77 80
2 15 28 34 39 52 68 77 84
9 14 22 34 46 53 60 70 80
2 15 24 36 39 53 67 76 82
4 14 22 34 42 54 60 71 80
9 14 27 30 46 51 60 74 82
9 15 23 34 46 54 60 70 80
3 17 24 32 40 53 63 76 80
2 15 28 34 39 53 68 77 87
4 15 28 34 40 52 68 77 82
9 15 25 34 47 51 60 70 82
9 16 28 36 47 55 66 76 80
3 16 20 34 40 53 60 73 80
2 15 22 34 39 56 63 77 87
4 15 27 34 40 50 68 77 82
10 15 28 37 47 51 68 77 82
2 15 28 37 39 54 68 77 87
7 16 27 34 44 54 63 76 80
9 16 25 34 44 50 60 72 82
8 16 27 34 44 53 67 76 80
6 14 28 32 42 57 68 77 82
2 15 22 34 39 55 65 77 86
9 15 24 37 47 53 60 69 80
4 15 27 36 42 56 68 76 80
2 16 20 34 39 53 61 76 82
2 15 20 37 39 52 61 77 87
8 15 27 34 44 52 60 75 82
9 15 27 34 47 51 60 70 82
4 15 27 32 42 54 65 76 80
4 15 27 34 42 55 68 76 80
9 14 27 34 47 52 60 70 82
4 15 27 34 42 54 68 76 80
7 14 25 30 44 53 60 72 80
9 15 22 34 46 52 60 70 82
2 15 28 34 39 56 68 77 87
2 15 20 34 39 51 63 77 87
2 15 20 30 39 54 61 77 86
6 14 27 34 44 55 68 76 80
2 15 28 34 39 51 68 77 87
9 17 26 34 47 53 60 70 82
9 15 27 34 44 50 61 76 82
4 15 28 34 42 54 68 77 80
6 15 27 34 42 51 65 76 82
4 16 27 34 42 54 65 76 80
9 15 22 34 44 51 60 70 82
9 15 27 30 47 53 60 70 82
7 15 27 34 44 53 63 76 80
2 15 22 34 39 50 63 76 85
2 15 24 34 39 50 66 77 87
2 15 25 34 39 51 67 77 87
2 15 28 34 39 52 68 77 87
5 16 27 37 42 53 67 76 82
9 14 27 37 47 52 60 72 80
2 15 24 34 39 51 66 77 87
9 14 27 32 47 53 60 73 80
9 16 22 32 46 53 60 70 80
10 14 27 34 47 53 60 70 82
2 15 22 34 39 51 63 78 88
2 15 24 34 39 52 66 77 86
9 15 22 34 46 54 60 70 80
9 15 28 30 44 51 68 77 82
9 15 27 37 47 55 60 73 80
2 15 27 34 39 52 68 77 87
9 15 28 32 46 52 68 77 82
9 14 27 34 47 53 60 73 80
9 15 22 34 47 51 60 70 82
9 15 28 30 47 54 63 76 82
9 15 20 34 46 55 60 70 80
9 14 28 34 46 53 68 77 80
9 15 28 37 47 52 68 77 82
2 14 28 32 39 53 68 77 86
9 15 27 34 47 54 60 70 80
4 15 23 34 40 51 60 75 82
10 15 28 32 47 53 68 77 80
3 15 26 34 40 55 67 76 80
8 14 27 34 44 50 63 76 82
2 14 22 30 39 51 63 76 80
2 15 28 32 39 53 68 77 87
9 15 28 34 47 56 63 75 80
2 15 24 34 39 55 66 77 87
7 16 26 34 44 55 60 73 80
1 15 27 34 39 54 68 77 80
2 15 26 30 39 53 68 77 82
9 14 24 34 46 53 60 70 80
2 15 28 34 39 54 68 77 80
2 15 27 34 39 54 68 76 80
5 16 27 34 42 53 68 76 80
10 15 28 32 48 53 68 76 80
3 16 27 34 40 53 67 76 80
2 15 22 34 39 55 63 76 82
7 15 28 37 44 53 68 77 80
9 14 27 34 47 53 60 70 80
5 15 27 37 42 53 68 76 82
2 15 28 34 39 53 68 77 87
4 14 23 34 40 51 60 75 82
9 15 24 34 47 52 59 69 82
2 15 23 34 39 54 66 77 87
9 14 27 34 47 50 60 70 82
2 15 28 34 39 51 68 77 87
2 15 19 30 39 52 60 77 87
2 15 26 34 39 53 68 77 87
9 15 27 34 47 54 60 73 80
7 14 27 30 44 53 67 76 80
9 15 27 37 47 53 60 70 80
9 15 28 34 47 53 61 76 80
3 15 24 36 40 53 65 76 80
9 14 26 34 47 55 60 70 80
6 15 24 32 42 53 60 73 82
8 16 27 37 44 53 66 76 80
10 15 28 34 48 54 68 77 80
2 15 24 34 39 52 66 77 87
8 15 27 37 46 55 66 76 80
2 15 22 34 39 51 65 77 88
2 15 20 34 39 56 61 76 85
5 16 20 34 42 53 60 70 82
3 14 24 30 40 53 65 76 80
2 15 19 30 39 53 60 76 82
2 15 22 34 39 51 63 76 84
9 14 27 30 47 53 60 70 80
5 17 22 34 42 54 60 71 80
2 14 28 34 40 54 68 77 80
7 16 20 34 44 53 60 70 80
2 15 28 34 39 52 68 77 87
9 15 24 34 47 56 60 69 80
2 15 22 34 39 50 65 77 87
3 17 22 34 40 53 60 75 82
9 16 27 34 47 53 60 70 80
2 15 20 34 40 56 60 73 80
2 15 22 34 39 50 63 78 88
9 14 27 36 47 53 60 70 80
2 15 25 34 39 56 67 76 80
9 15 28 37 46 53 68 76 80
2 15 22 34 39 54 63 76 84
9 15 27 30 46 53 61 75 80
9 17 28 34 46 53 68 77 80
9 15 26 34 46 52 60 71 82
6 15 27 34 44 56 66 76 80
2 16 28 34 39 51 68 77 87
9 14 27 30 46 52 60 71 80
9 17 26 30 46 53 60 70 82
2 15 22 34 39 55 63 77 87
7 15 27 34 42 52 66 76 82
3 17 20 34 40 53 60 73 82
9 15 26 34 46 50 60 71 82
9 15 27 34 47 55 60 71 80
2 15 22 34 39 51 63 76 84
9 15 24 37 46 53 60 70 80
4 15 27 34 40 50 67 76 82
3 16 27 34 40 53 68 77 80
9 15 27 37 47 57 60 70 82
9 15 27 34 47 53 60 70 80
9 15 22 30 47 53 59 69 80
2 15 24 34 39 55 66 77 87
8 15 26 37 44 52 60 73 82
2 15 28 34 39 53 68 77 87
9 16 24 30 47 53 60 70 80
4 15 27 34 42 54 68 76 80
9 14 27 34 47 52 60 70 82
2 15 25 34 39 51 67 76 82
2 15 20 32 39 52 61 77 87
2 15 19 34 39 54 60 77 87
8 14 27 34 44 51 65 76 82
4 17 24 34 42 54 60 73 80
2 15 28 34 39 53 68 77 87
2 15 28 34 39 51 68 77 87
8 15 26 34 44 52 60 73 82
2 15 19 37 39 53 60 77 87
9 14 22 34 46 53 60 70 82
6 15 24 34 42 51 60 73 82
6 14 26 34 42 52 60 76 82
9 15 28 30 47 55 68 77 80
9 15 25 34 46 51 60 70 82
2 15 23 34 40 55 65 75 80
6 15 22 34 42 53 60 71 82
3 15 27 34 40 53 68 77 80
8 15 27 37 44 53 65 76 82
7 15 27 34 42 51 65 76 82
9 14 20 34 46 53 60 70 80
2 15 28 37 39 53 68 77 87
2 15 28 30 39 53 68 77 87
9 15 26 34 47 54 60 70 80
3 16 24 34 40 55 65 76 80
2 15 27 34 39 52 68 77 87
9 14 28 34 46 53 68 77 80
2 17 26 34 39 53 68 76 80
3 15 28 34 39 52 68 77 84
2 15 22 37 39 54 63 77 87
2 15 24 34 39 55 66 76 82
3 15 24 34 40 54 65 76 80
9 17 27 34 47 50 60 70 82
2 15 28 34 39 51 68 77 87
2 15 26 34 39 51 68 77 85
7 15 27 37 44 53 61 75 80
9 15 20 36 46 54 60 70 80
9 14 27 34 47 52 60 73 82
7 15 26 36 44 55 60 73 80
2 15 22 34 39 51 63 77 87
8 15 27 34 44 50 63 76 82
9 15 28 34 47 53 68 77 80
9 11 27 34 46 53 61 75 80
2 15 20 34 39 54 63 76 85
6 15 26 32 42 52 60 75 82
2 15 27 30 39 51 68 77 87
9 15 28 34 46 52 63 76 82
2 15 22 34 39 55 63 76 82
3 14 26 34 40 53 67 76 80
9 15 28 34 47 55 63 76 80
8 14 27 34 44 51 66 76 82
4 16 19 34 40 53 60 72 82
6 14 22 34 42 52 60 71 82
2 15 26 34 39 51 68 77 87
2 15 20 30 39 52 63 77 87
2 16 28 34 39 52 68 77 87
2 15 20 37 39 55 63 76 82
10 15 27 34 48 54 60 69 80
9 15 27 32 46 53 60 71 80
9 15 28 37 46 51 68 77 82
6 15 25 30 42 52 60 75 82
2 15 22 34 39 55 63 77 87
6 14 27 34 42 52 67 76 82
9 15 27 37 47 54 60 72 80
9 15 28 36 47 55 66 76 80
9 17 27 32 47 53 60 70 80
6 15 27 34 42 51 67 76 82
2 15 20 34 39 54 63 77 87
2 15 28 37 39 53 68 77 87
2 15 24 34 39 53 66 76 84
8 15 26 34 46 55 60 70 80
10 14 28 34 47 50 68 77 82
9 15 27 34 47 52 60 71 82
3 14 24 37 40 53 63 76 80
9 15 27 37 47 51 60 70 82
4 14 27 34 40 51 68 77 82
2 15 22 34 39 54 63 76 84
2 15 24 37 39 53 66 77 87
6 15 26 34 42 51 60 75 82
7 17 28 34 44 54 68 77 80
2 15 24 34 39 50 67 77 87
2 13 28 37 39 53 68 77 80
2 15 24 34 39 54 66 77 86
9 14 28 34 47 53 63 76 80
9 15 28 34 47 55 60 70 80
5 14 22 34 42 53 60 72 80
3 14 28 34 40 53 68 77 80
9 15 24 34 47 56 60 70 80
9 15 28 34 46 54 68 77 80
7 15 20 34 42 50 60 71 82
9 15 26 36 47 56 60 70 80
2 15 22 34 39 56 65 78 88
7 15 27 37 44 55 67 76 80
2 15 28 34 39 51 68 77 87
9 14 27 30 47 53 60 74 80
2 15 22 34 39 51 63 76 82
8 14 24 34 46 56 60 70 80
6 17 27 34 42 53 68 76 82
6 15 24 30 42 52 60 73 82
2 15 28 34 39 54 68 77 82
6 15 25 34 44 55 60 72 80
10 14 27 36 47 53 60 70 80
7 16 28 34 44 55 68 77 80
2 15 22 34 39 51 63 77 87
3 14 26 34 40 53 63 76 82
8 16 28 34 44 53 68 76 82
6 14 27 34 44 56 61 75 80
9 14 26 30 47 52 60 70 80
9 14 24 37 46 53 60 70 80
2 15 28 30 39 53 68 77 87
5 16 24 34 42 54 60 73 80
8 15 26 37 44 53 60 73 80
2 15 28 32 39 53 68 77 80
9 17 27 34 47 53 60 73 82
2 15 28 34 39 54 68 77 80
2 15 22 34 39 51 61 76 82
2 15 20 37 39 55 63 77 86
2 15 20 34 39 54 63 77 87
9 14 27 30 47 52 60 73 80
2 15 24 34 39 55 66 77 87
2 14 20 34 39 53 61 76 80
7 14 24 34 42 50 60 73 82
8 15 28 34 44 51 68 76 82
2 15 27 37 39 54 68 77 85
3 15 20 30 40 53 60 73 80
9 16 27 36 47 53 60 71 80
9 15 27 34 47 51 60 70 82
9 17 27 34 47 53 60 70 80
3 15 19 30 40 53 60 72 82
9 15 26 36 46 55 60 70 80
9 15 28 30 46 54 68 77 80
2 15 27 32 39 52 68 77 85
9 15 26 34 47 57 60 70 80
9 15 27 32 46 53 60 73 82
2 15 28 34 39 50 68 77 87
9 14 28 34 47 51 61 76 82
9 14 27 34 46 53 61 76 82
9 16 27 34 47 53 60 70 82
9 17 27 32 47 53 60 70 80
4 15 25 34 42 56 61 75 80
3 15 22 34 39 50 63 76 82
8 14 27 30 46 55 60 71 80
9 15 28 34 47 54 63 76 80
3 15 28 34 39 53 68 77 87
2 15 20 34 40 55 61 73 80
4 15 26 37 40 52 63 76 82
2 15 22 32 39 49 65 76 80
7 15 27 34 42 50 67 76 82
5 17 28 36 42 53 68 77 80
2 15 24 34 39 52 67 77 85
3 15 24 37 40 53 61 76 80
2 15 23 34 39 50 66 77 88
2 15 22 34 39 52 65 77 87
2 15 26 34 40 55 68 76 80
9 15 20 37 46 54 60 70 80
9 15 26 34 47 53 60 70 82
9 14 28 34 46 53 68 77 80
4 15 20 34 42 54 60 70 80
6 14 27 34 42 52 61 76 82
2 15 26 34 39 52 67 76 82
2 15 20 34 39 56 61 77 87
6 15 27 34 44 55 66 76 80
2 14 22 30 39 52 63 77 87
2 15 27 30 39 53 68 77 86
2 15 23 34 39 52 66 77 87
2 16 19 34 39 54 60 76 84
2 15 19 34 39 52 60 76 85
9 14 28 36 47 53 60 70 80
9 14 28 30 46 52 65 76 82
5 15 28 34 42 53 68 77 80
4 14 27 34 42 54 68 76 80
8 15 27 34 46 56 63 75 80
2 15 27 34 39 52 68 77 85
3 16 26 34 40 54 67 76 80
7 15 20 30 44 53 60 70 80
5 15 26 34 42 54 61 76 80
5 14 27 30 42 52 68 76 80
8 16 24 34 46 56 60 70 80
3 14 28 37 40 53 68 77 82
7 15 28 34 42 51 68 77 82
6 14 22 30 42 53 60 71 82
7 15 27 34 42 50 60 76 82
2 15 28 30 39 53 68 77 86
7 15 27 34 42 51 67 76 82
2 14 22 34 39 55 65 78 88
2 15 28 37 39 53 68 77 86
2 15 20 34 39 50 61 77 86
5 14 24 34 42 53 60 73 80
9 15 27 34 47 50 60 70 82
8 15 28 34 44 53 68 77 82
9 14 22 34 47 55 60 70 80
8 14 24 34 46 55 60 70 80
7 15 27 34 42 51 60 76 82
9 15 22 34 47 54 60 69 80
8 15 26 32 44 52 60 73 80
2 14 23 34 39 53 65 77 87
3 14 27 34 40 53 68 77 82
9 16 26 34 47 53 60 70 80
9 17 27 34 47 54 60 70 80
2 15 24 30 40 55 66 76 80
2 15 28 30 39 54 68 77 87
6 15 19 30 42 53 60 70 82
9 17 28 34 44 50 68 77 82
5 15 20 30 42 52 60 71 82
2 15 28 34 39 54 68 77 87
9 15 27 37 46 53 63 76 80
8 14 26 34 44 52 60 73 82
4 15 22 34 42 54 60 72 80
4 15 24 37 40 51 60 76 82
2 15 25 34 39 55 67 77 87
9 15 27 37 47 54 60 70 80
9 15 27 36 47 54 60 70 80
2 15 20 34 39 54 61 76 82
4 15 27 30 40 52 68 77 82
9 15 27 34 47 56 60 70 80
2 15 24 34 39 50 67 77 87
2 15 28 30 39 53 68 77 87
3 14 28 34 40 53 68 77 82
9 15 27 36 47 54 60 74 80
6 15 28 36 42 53 68 77 82
2 15 22 30 39 55 63 76 85
4 15 26 34 40 52 65 76 82
2 15 28 37 39 53 68 77 82
3 15 26 34 40 55 67 76 80
8 14 22 34 44 52 60 70 82
2 15 28 34 39 53 68 77 86
4 15 23 34 42 55 60 73 80
3 15 28 30 40 53 68 77 80
9 15 27 34 46 50 60 73 82
2 15 23 34 39 51 66 77 87
2 15 23 34 39 51 66 77 87
9 16 27 34 47 54 60 70 80
7 15 27 34 42 53 60 76 82
7 15 19 30 44 55 60 70 80
2 15 27 37 39 53 68 77 87
9 15 25 34 47 52 60 70 82
5 15 20 30 42 53 60 71 82
7 17 20 34 42 51 60 71 82
2 14 23 34 39 53 65 76 80
7 15 27 34 44 55 67 76 80
2 15 22 34 39 51 63 77 87
9 14 22 36 46 53 60 70 80
8 17 27 30 44 53 60 75 82
2 15 28 34 39 55 68 77 87
9 14 26 34 47 51 60 70 82
10 17 27 34 47 53 60 70 80
5 15 22 37 42 53 60 72 80
6 14 20 34 42 53 60 70 82
9 14 27 34 47 55 60 70 80
8 15 27 34 46 54 63 75 80
9 15 22 30 47 53 60 70 80
9 15 27 34 47 54 60 70 80
9 15 23 34 47 52 59 69 82
2 15 23 30 39 50 66 77 87
10 15 28 37 48 53 68 77 80
9 15 27 34 47 51 60 71 82
2 15 24 34 39 54 67 77 87
10 14 27 34 47 53 60 70 80
2 15 27 37 39 52 68 76 82
9 17 26 34 47 54 60 70 80
2 15 27 34 39 53 68 77 87
9 14 20 34 46 53 60 70 80
2 15 24 34 39 53 67 77 85
7 15 27 30 44 53 66 76 80
6 15 27 30 42 53 66 76 82
4 15 24 30 40 51 60 76 82
9 16 27 34 46 53 63 76 82
7 17 27 34 44 54 66 76 80
2 15 20 34 39 52 63 76 82
2 15 26 34 39 53 68 77 87
9 14 27 34 46 53 65 76 80
9 15 20 30 46 53 60 70 80
9 14 27 34 47 51 60 72 82
2 14 28 34 40 55 68 77 80
5 15 20 34 42 53 60 70 80
9 16 28 34 47 56 60 73 80
9 15 27 34 47 54 60 69 80
9 14 27 34 47 52 60 70 82
3 15 28 34 40 55 68 77 80
3 14 22 37 40 53 60 74 80
9 15 25 34 47 53 60 70 82
7 17 24 34 44 56 60 71 80
9 17 27 34 46 53 60 73 80
8 15 28 37 44 53 68 77 80
9 15 27 32 47 53 60 70 80
9 17 27 30 46 53 60 71 82
9 15 27 34 47 55 60 70 80
4 15 27 37 40 53 68 77 82
9 15 27 34 47 54 60 70 80
9 15 27 34 47 56 60 70 80
6 14 27 34 44 55 61 74 80
2 15 28 37 39 53 68 77 87
9 17 25 34 47 53 60 70 80
4 15 27 34 40 53 68 77 82
8 15 24 37 46 55 60 70 80
7 16 26 34 42 50 60 76 82
5 17 25 34 42 53 60 75 82
9 15 27 34 47 51 60 70 82
9 15 27 36 46 53 63 76 80
8 15 22 34 44 53 60 70 82
9 17 27 34 47 53 60 70 82
3 17 27 34 40 53 68 76 80
5 15 28 37 42 53 68 77 80
10 15 27 30 47 53 60 70 80
5 15 27 37 42 53 67 76 82
7 15 25 34 44 54 60 72 80
9 15 27 34 47 51 60 70 82
9 14 27 34 46 50 60 76 82
9 14 28 32 47 54 68 76 80
9 15 27 34 47 54 60 70 80
7 15 22 34 44 54 60 70 80
9 15 28 37 47 53 68 77 80
3 15 28 34 40 53 68 77 80
3 14 28 34 40 53 68 77 80
2 14 26 34 39 52 68 76 80
2 15 28 34 39 51 68 77 82
9 15 24 34 44 50 60 71 82
2 15 28 37 39 53 68 77 80
2 15 28 34 39 52 68 77 87
10 15 28 37 48 53 68 77 82
7 15 24 30 44 54 60 71 80
8 14 20 30 44 52 60 70 82
2 14 27 34 39 52 68 77 82
9 15 27 34 47 53 60 70 82
9 16 22 34 46 55 60 70 80
3 15 28 34 39 55 68 77 86
7 15 26 34 42 50 60 76 82
6 15 22 34 44 55 60 70 80
9 15 24 30 46 54 60 70 80
9 15 27 34 47 56 60 70 80
9 15 24 36 46 54 60 70 80
2 15 26 30 39 56 68 77 86
10 15 28 34 48 53 68 77 82
3 15 20 34 39 51 60 76 82
9 15 27 34 46 52 60 76 82
2 15 28 34 39 51 68 77 87
9 15 26 30 47 52 60 70 80
2 15 20 30 39 53 63 77 87
9 17 22 34 46 51 60 70 82
9 15 27 34 47 52 60 73 82
9 15 27 30 44 50 61 76 82
2 15 28 30 39 53 68 77 87
2 15 26 34 39 52 68 77 87
8 14 27 34 46 55 66 76 80
5 15 27 34 42 53 63 76 82
2 14 28 34 39 51 68 77 87
8 14 27 34 44 53 65 76 82
2 14 20 32 39 52 61 77 87
8 15 26 36 46 55 60 71 80
2 15 25 34 39 51 67 77 87
9 15 27 36 47 54 61 75 80
9 14 27 30 46 52 63 76 80
2 15 24 34 39 52 66 77 87
7 17 24 37 44 55 60 71 80
2 15 24 34 39 51 67 77 87
9 15 27 34 47 50 60 70 82
9 14 28 34 46 53 67 76 80
2 15 20 34 39 52 60 76 84
9 14 26 34 47 51 60 70 82
2 15 23 34 39 56 65 77 87
2 15 22 34 39 51 65 76 82
3 16 22 34 40 53 60 74 82
6 15 27 37 44 55 67 76 80
3 15 23 30 40 53 61 75 80
2 15 20 36 39 54 63 77 87
9 17 24 34 46 55 60 70 80
9 17 27 30 46 53 61 75 80
9 14 28 34 47 53 68 77 80
2 15 20 37 39 54 63 76 82
2 15 24 34 39 57 66 77 87
8 14 28 34 46 54 68 76 80
2 15 25 34 39 55 67 77 85
8 15 27 32 44 53 63 76 82
2 15 27 34 39 54 68 77 87
9 17 22 34 44 51 60 70 82
9 15 26 34 44 51 60 73 82
8 14 27 34 44 53 60 74 80
